Title: A Gravitational Redshift Determination of the Mean Mass of 
       White Dwarfs. DA Stars 
Authors: Falcon R.E., Winget D.E., Montgomery M.H., Williams K.A. 
Table: Apparent Velocity Measurements for Normal DA WDs
================================================================================
Byte-by-byte Description of file: apj339757t1_mrt.txt
--------------------------------------------------------------------------------
   Bytes Format Units   Label  Explanations
--------------------------------------------------------------------------------
   1- 13 A13    ---     Name   Target name 
  15- 21 F7.3   km/s    Adp-V  Adopted apparent velocity
  23- 27 F5.3   km/s  e_Adp-V  The 1{sigma} error in Adp-V
  29- 32 I4     yr      Obs.Y  UT Year of the observation
  34- 35 I2     month   Obs.M  UT Month of the observation
  37- 38 I2     d       Obs.D  UT Day of the observation
  40- 41 I2     h       Obs.h  UT Hour of the observation
  43- 44 I2     min     Obs.m  UT Minute of the observation
  46- 47 I2     s       Obs.s  UT Second of the observation
  49- 55 F7.3   km/s    LSR-V  LSR correction to the apparent velocity
  57- 63 F7.3   km/s    Ha-V   H{alpha} apparent velocity
  65- 69 F5.3   km/s  e_Ha-V   The 1{sigma} error in Ha-V
  71- 77 F7.3   km/s    Hb-V   ? H{beta} apparent velocity
  79- 83 F5.3   km/s  e_Hb-V   ? The 1{sigma} error in Hb-V
  85- 91 F7.3   km/s    Obs-V  Apparent velocity for observation
  93- 98 F6.3   km/s  e_Obs-V  The 1{sigma} error in Obs-V
--------------------------------------------------------------------------------
WD 0000-186    24.530 0.015 2000 09 16 04 53 07  -3.511  24.515 1.267  24.696 4.013  24.531  0.073 
WD 0000-186    24.530 0.015 2000 09 17 03 27 31  -3.825  24.190 0.742  29.329 4.231  24.343  1.236 
HS 0002+1635   23.518 2.450 2002 12 02 01 07 24 -22.829  23.518 2.450                23.518  2.450 
WD 0005-163    15.006 0.005 2000 09 16 03 31 59  -2.013  15.057 1.892  14.814 3.648  15.006  0.140 
WD 0005-163    15.006 0.005 2002 08 04 10 00 19  16.515  15.921 1.860   9.051 4.473  14.907  3.445 
WD 0011+000    25.655 0.106 2000 07 14 07 14 10  28.209  23.079 0.949  20.950 2.568  22.823  0.978 
WD 0011+000    25.655 0.106 2000 07 17 07 38 21  27.631  25.660 0.657  25.542 4.107  25.657  0.025 
WD 0013-241    15.760 0.061 2000 09 16 02 44 05  -3.848  15.754 1.063  15.797 2.591  15.760  0.020 
WD 0013-241    15.760 0.061 2000 09 17 01 52 24  -4.237  13.188 1.268  10.630 2.367  12.617  1.505 
WD 0016-258    44.969 1.523 2000 09 16 03 01 00  -4.332  45.801 1.451                45.801  1.451 
WD 0016-258    44.969 1.523 2000 09 17 02 09 57  -4.713  44.016 2.194  39.586 6.581  43.573  1.879 
WD 0016-220    10.875 1.715 2000 09 16 05 11 37  -2.989  12.101 0.868  16.054 1.894  12.788  2.117 
WD 0016-220    10.875 1.715 2000 09 17 03 47 05  -3.294  10.506 0.742   7.857 1.757  10.105  1.343 
WD 0017+061    -1.247 3.824 2002 09 26 07 34 49   2.674  -0.139 2.876  -7.848 7.022  -1.247  3.824 
WD 0018-339    30.744 0.565 2002 09 15 02 14 27  -6.478  31.118 1.042  29.443 2.256  30.823  0.901 
WD 0018-339    30.744 0.565 2002 09 18 02 33 07  -7.790  30.220 1.117  21.817 2.406  28.729  4.539 
WD 0024-556    84.029 2.130 2000 08 03 09 18 35  -1.148  84.420 1.490  78.216 5.749  84.029  2.130 
WD 0029-181    42.792 0.136 2002 09 26 08 24 34  -4.938  40.163 1.568  46.906 1.747  43.170  4.740 
WD 0029-181    42.792 0.136 2002 09 27 06 13 41  -5.196  42.249 1.494  44.187 2.475  42.767  1.212 
HE 0031-5525   39.229 6.206 2001 12 17 00 53 54 -25.943  37.092 1.627                37.092  1.627 
HE 0031-5525   39.229 6.206 2002 07 27 06 08 08   1.501  49.230 1.699  42.597 4.058  48.241  3.342 
HE 0032-2744   48.911 3.650 2002 09 15 02 59 55  -2.771  51.692 2.379                51.692  2.379 
HE 0032-2744   48.911 3.650 2002 09 18 03 06 41  -4.129  46.515 2.208                46.515  2.208 
WD 0032-175    31.342 1.349 2002 09 18 03 21 03  -0.053  30.550 0.995                30.550  0.995 
WD 0032-175    31.342 1.349 2002 09 25 06 31 34  -3.823  32.492 1.200                32.492  1.200 
WD 0032-177     9.875 3.692 2002 09 18 03 29 57  -0.101  10.312 1.452   6.331 1.284   8.078  2.793 
WD 0032-177     9.875 3.692 2002 09 25 06 01 55  -3.790  15.685 1.756   9.583 2.500  13.668  4.059 
WD 0033+016    88.746 2.451 2002 09 26 07 57 13   2.732  88.746 2.451                88.746  2.451 
MCT 0033-3440  47.910 0.286 2000 09 16 04 36 44  -6.179  52.870 1.751                52.870  1.751 
MCT 0033-3440  47.910 0.286 2002 08 15 09 54 03   6.272  47.879 1.316  48.012 2.860  47.902  0.071 
HE 0043-0318   67.616 1.591 2002 12 02 01 30 55 -26.459  68.302 0.967  70.191 2.082  68.637  1.020 
HE 0043-0318   67.616 1.591 2003 01 16 01 44 09 -29.463  66.376 1.124                66.376  1.124 
WD 0047-524    23.980 0.368 2002 07 27 06 21 40   3.620  24.533 0.795  22.385 1.627  24.119  1.198 
WD 0047-524    23.980 0.368 2002 09 14 03 12 24 -10.877  24.175 0.716  19.757 1.671  23.488  2.263 
HS 0047+1903   27.280 0.926 2002 09 27 05 30 35  10.719  27.042 1.183  29.084 3.262  27.280  0.926 
WD 0048-544    22.199 0.822 2002 07 27 06 30 11   2.495  22.080 1.035  26.192 2.158  22.850  2.268 
WD 0048-544    22.199 0.822 2002 09 14 03 21 12 -11.578  23.188 0.995  20.319 0.944  21.679  2.026 
WD 0048+202    35.980 0.587 2002 09 19 04 52 42  15.032  34.901 2.313  36.145 1.517  35.771  0.807 
WD 0048+202    35.980 0.587 2002 09 27 05 16 50  11.230  36.496 1.197  39.764 2.555  37.085  1.776 
WD 0048+202    35.980 0.587 2002 12 02 02 09 09 -18.947  36.612 1.150  31.783 2.525  35.783  2.575 
HE 0049-0940   27.763 0.192 2002 09 26 08 39 23   0.509  27.896 1.001  26.624 2.178  27.675  0.682 
HE 0049-0940   27.763 0.192 2002 09 27 06 27 15   0.251  28.308 0.783  26.327 1.736  27.973  1.049 
WD 0050-332    35.597 1.801 2002 07 27 06 44 31  14.143  35.763 4.027  36.931 5.721  36.150  0.777 
WD 0050-332    35.597 1.801 2002 09 15 03 26 56  -3.174  31.345 2.874                31.345  2.874 
WD 0050-332    35.597 1.801 2002 09 25 06 49 51  -7.716  32.107 2.952                32.107  2.952 
WD 0052-147    56.344 1.331 2002 09 26 08 54 09  -1.164  58.289 1.884                58.289  1.884 
WD 0052-147    56.344 1.331 2002 09 27 06 41 44  -1.422  56.297 2.405  54.873 3.785  55.888  0.912 
WD 0053-117    28.578 0.984 2002 09 26 09 07 59   0.093  29.415 1.114  24.516 1.325  27.385  3.413 
WD 0053-117    28.578 0.984 2002 09 27 06 55 30  -0.176  30.207 1.013  27.363 1.166  28.984  1.991 
WD 0102-185    35.942 1.469 2003 02 05 00 44 52 -29.352  35.942 1.469                35.942  1.469 
WD 0102-142    14.035 0.341 2000 08 05 09 50 24  16.432  14.393 1.664  10.577 3.015  13.502  2.283 
WD 0102-142    14.035 0.341 2002 09 12 08 42 53   2.564  14.348 0.828  11.504 2.987  14.145  1.035 
HE 0103-3253   29.543 0.985 2002 09 15 03 36 26  -5.715  28.504 1.326  30.077 1.433  29.230  1.109 
HE 0103-3253   29.543 0.985 2002 09 25 07 00 00 -10.206  31.723 1.072  26.239 2.982  31.094  2.470 
WD 0103-278    36.722 1.248 2002 09 15 03 50 19  -3.720  36.243 0.804  38.649 2.124  36.545  1.126 
WD 0103-278    36.722 1.248 2002 09 19 02 21 48  -5.308  42.019 1.367  23.891 5.948  41.109  5.597 
WD 0106-358    28.276 0.996 2000 07 12 06 32 13  12.262  28.782 3.010  26.967 7.198  28.512  0.914 
WD 0106-358    28.276 0.996 2000 07 16 06 41 04  11.636  26.170 2.731                26.170  2.731 
HE 0106-3253   46.348 0.187 2000 12 07 02 53 46 -32.591  47.015 1.054  40.578 2.098  45.718  3.651 
HE 0106-3253   46.348 0.187 2001 08 25 08 45 05   2.090  46.645 0.917  45.281 1.850  46.376  0.767 
WD 0107-192    -6.376 1.576 2000 07 12 06 43 10  19.181  -4.515 2.084   2.861 7.936  -4.039  2.563 
WD 0107-192    -6.376 1.576 2000 07 16 06 49 51  18.719  -7.165 1.263  -4.003 4.243  -6.908  1.222 
WD 0108+143    80.753 0.106 2000 07 14 07 38 25  27.813  80.798 1.210                80.798  1.210 
WD 0108+143    80.753 0.106 2000 07 18 08 11 07  27.667  80.625 2.060                80.625  2.060 
WD 0110-139    33.718 0.807 2000 07 13 07 25 58  21.105  34.068 2.611  32.788 4.257  33.718  0.807 
MCT 0110-1617  59.118 2.798 2002 09 12 08 56 06   2.371  59.118 2.798                59.118  2.798 
MCT 0111-3806  18.123 1.561 2001 08 25 09 09 26   0.067  19.339 0.799                19.339  0.799 
MCT 0111-3806  18.123 1.561 2002 09 14 03 36 03  -6.591  17.120 0.725                17.120  0.725 
WD 0114-605    47.109 3.428 2001 08 25 09 38 02  -9.920  55.018 2.202  43.121 4.314  52.558  6.813 
WD 0114-605    47.109 3.428 2002 08 03 09 52 33  -4.442  44.799 2.081  49.760 3.620  46.031  3.031 
WD 0114-034    -2.482 2.582 2000 07 15 06 40 31  24.279  -2.482 2.582                -2.482  2.582 
WD 0124-257    26.688 4.641 2000 07 13 07 40 48  16.504  29.074 1.635  30.944 4.827  29.267  0.803 
WD 0124-257    26.688 4.641 2000 07 16 07 48 24  16.185  22.885 1.867  21.111 3.612  22.511  1.022 
WD 0126+101     3.196 0.358 2000 07 14 07 55 44  27.230   2.714 1.049   4.130 1.261   3.293  0.984 
WD 0126+101     3.196 0.358 2000 07 18 08 26 13  27.175   0.804 1.164   4.441 1.221   2.536  2.568 
WD 0127-050     0.302 1.031 2002 09 19 05 30 49   6.064   0.882 1.384   3.843 2.501   1.576  1.774 
WD 0127-050     0.302 1.031 2002 09 27 07 09 38   2.070  -0.114 1.014                -0.114  1.014 
WD 0129-205    52.842 0.059 2000 07 12 07 01 50  18.664  52.190 2.092  56.220 5.439  52.709  1.910 
WD 0129-205    52.842 0.059 2000 07 16 08 29 17  18.244  53.209 1.893  52.332 2.305  52.856  0.607 
HS 0129+1041   59.200 3.703 2002 09 27 07 18 15   7.855  59.960 1.179  50.183 4.061  59.200  3.703 
HE 0130-2721   23.847 3.404 2002 09 15 04 41 00  -1.070  22.383 2.428  20.016 3.452  21.600  1.575 
HE 0130-2721   23.847 3.404 2002 09 27 07 32 33  -6.393  25.376 3.037  27.783 3.455  26.426  1.688 
WD 0133-116    91.213 0.158 2000 07 12 07 27 37  21.830  91.164 0.630  91.652 3.092  91.183  0.135 
WD 0133-116    91.213 0.158 2000 07 16 09 40 29  21.461  91.485 1.093  92.495 2.600  91.637  0.510 
MCT 0138-4014  44.060 0.122 2000 08 05 09 00 15   5.957  44.865 2.534  42.793 3.730  44.211  1.362 
MCT 0138-4014  44.060 0.122 2002 09 15 07 27 57  -6.049  44.375 3.131  43.170 4.750  44.010  0.783 
WD 0137-291    17.558 1.634 2000 07 13 10 23 07  14.800  17.982 0.776  15.804 3.886  17.898  0.591 
WD 0137-291    17.558 1.634 2000 07 16 08 58 19  14.664  10.642 3.407  14.304 1.628  13.623  2.014 
WD 0140-392    47.800 0.149 2000 07 14 08 21 24  10.273  47.891 1.074  47.570 2.129  47.826  0.182 
WD 0140-392    47.800 0.149 2000 07 16 09 30 45   9.951  47.063 1.210  48.258 2.055  47.371  0.738 
WD 0143+216    20.242 3.308 2002 09 19 06 05 02  16.812  19.530 1.380  27.917 4.530  20.242  3.308 
WD 0145-221    50.805 4.099 2000 07 15 06 54 56  17.800  53.265 0.952  46.649 4.421  52.972  1.925 
WD 0145-221    50.805 4.099 2000 07 17 08 33 10  17.551  46.926 2.576                46.926  2.576 
WD 0145-257    29.842 0.945 2002 09 19 03 17 00  -0.455  29.599 1.182                29.599  1.182 
WD 0145-257    29.842 0.945 2002 09 27 08 09 46  -4.281  30.116 2.092  35.064 3.076  31.681  3.253 
HS 0145+1737   24.071 1.704 2002 09 30 05 06 46  11.006  23.588 1.184  27.077 2.954  24.071  1.704 
HE 0145-0610   57.851 1.250 2003 01 19 01 33 27 -34.267  57.851 1.250                57.851  1.250 
HE 0150+0045   -0.932 6.386 2003 02 05 00 59 27 -32.481  -2.218 1.288  14.928 4.523  -0.932  6.386 
WD 0151+017    60.378 0.481 2000 07 12 08 47 44  25.182  59.500 1.315  56.831 2.266  58.827  1.638 
WD 0151+017    60.378 0.481 2000 07 15 08 13 28  25.350  60.544 1.003  59.740 2.812  60.453  0.359 
HE 0152-5009   40.764 0.928 2002 09 15 08 59 59  -9.231  44.902 1.127  43.818 2.055  44.651  0.646 
HE 0152-5009   40.764 0.928 2002 09 27 08 18 34 -12.657  40.690 1.131  40.491 2.364  40.653  0.109 
WD 0155+069    -0.112 2.825 2002 09 19 06 59 23  13.119   2.428 1.543  -2.619 3.908   1.746  2.439 
WD 0155+069    -0.112 2.825 2003 01 19 01 56 08 -33.319  -1.529 1.602  -6.964 4.070  -2.259  2.620 
HS 0200+2449   52.451 0.220 2002 09 18 07 26 24  15.911  54.175 1.887  42.856 3.416  51.529  6.774 
HS 0200+2449   52.451 0.220 2003 01 17 01 05 49 -32.461  52.477 1.142                52.477  1.142 
HE 0204-3821   23.941 2.334 2002 09 10 08 41 53  -5.065  24.637 1.171  20.023 2.781  23.941  2.334 
HE 0204-4213    9.778 0.271 2002 09 15 09 13 47  -8.228   8.250 2.946  11.358 2.737   9.918  2.191 
HE 0204-4213    9.778 0.271 2002 09 20 04 57 23  -9.431   9.516 2.991                 9.516  2.991 
WD 0205-365    19.683 1.678 2000 07 15 07 10 41   7.762  19.683 1.678                19.683  1.678 
WD 0205-304    68.154 0.131 2000 09 15 05 34 01  -3.270  68.349 1.007  66.827 2.450  68.129  0.757 
WD 0205-304    68.154 0.131 2001 09 23 08 37 11  -6.483  69.523 1.094  64.658 2.119  68.498  2.805 
WD 0208-263    62.454 1.965 2002 09 20 05 11 59  -2.983  62.454 1.965                62.454  1.965 
HE 0210-2012   24.667 0.628 2001 09 22 09 07 21  -1.558  24.930 1.092  26.270 2.302  25.177  0.734 
HE 0210-2012   24.667 0.628 2002 09 10 08 56 32   3.141  24.112 1.205  25.507 3.268  24.279  0.640 
HE 0211-2824   42.640 0.330 2000 12 07 03 26 05 -31.904  43.698 0.882  44.534 2.219  43.812  0.405 
HE 0211-2824   42.640 0.330 2001 02 07 00 55 30 -33.089  42.613 0.935  42.430 2.668  42.593  0.080 
WD 0212-231    34.301 2.266 2002 12 08 05 35 27 -32.179  33.087 1.626  36.417 2.148  34.301  2.266 
HE 0219-4049   31.745 1.258 2001 08 18 09 45 17   0.706  33.013 1.417                33.013  1.417 
HE 0219-4049   31.745 1.258 2001 09 13 08 35 46  -6.083  35.242 1.735  31.077 2.610  33.966  2.715 
HE 0219-4049   31.745 1.258 2001 09 19 09 10 43  -7.999  29.365 1.433                29.365  1.433 
HE 0219-4049   31.745 1.258 2002 09 05 09 22 07  -3.744  31.962 1.258  30.210 4.531  31.836  0.638 
HE 0221-2642   31.915 1.943 2001 09 23 09 10 35  -3.653  31.915 1.943                31.915  1.943 
WD 0220+222    64.517 1.051 2002 12 31 01 00 51 -29.456  64.195 1.266  66.234 2.924  64.517  1.051 
HE 0221-0535   34.581 0.760 2002 09 20 05 57 21   6.593  34.826 1.728  33.401 3.791  34.581  0.760 
HE 0222-2336    7.057 1.858 2002 09 20 06 12 40  -0.774   7.057 1.858                 7.057  1.858 
HE 0222-2630   49.675 0.557 2001 02 09 01 51 19 -33.495  48.358 1.625                48.358  1.625 
HE 0222-2630   49.675 0.557 2002 07 10 09 23 19  11.273  50.112 1.526  49.422 1.646  49.793  0.486 
HS 0223+1211  -48.547 2.642 2002 12 31 01 19 00 -32.528 -49.216 1.459 -43.330 4.075 -48.547  2.642 
HS 0225+0010   23.190 1.477 2002 09 20 08 11 40   8.798  23.703 1.256                23.703  1.256 
HS 0225+0010   23.190 1.477 2002 12 31 01 49 20 -35.025  20.145 1.529  24.640 3.022  21.061  2.560 
WD 0226-329     8.588 0.646 2002 09 19 04 02 29  -3.718   9.885 1.798   7.031 2.653   8.987  1.873 
WD 0226-329     8.588 0.646 2002 12 03 06 19 33 -29.565   8.635 1.467   8.023 2.624   8.489  0.368 
WD 0226-329     8.588 0.646 2002 12 08 06 18 03 -30.720  12.937 1.087   9.164 1.828  11.952  2.344 
WD 0227+050     9.478 1.376 2002 09 19 08 15 00  11.251   8.283 0.639   9.525 1.220   8.551  0.722 
WD 0227+050     9.478 1.376 2003 01 17 01 29 32 -36.958  10.765 0.542   9.420 1.092  10.499  0.757 
WD 0229-481     5.442 1.226 2000 08 05 08 42 52  -0.139   5.442 1.226                 5.442  1.226 
WD 0231-054    81.964 1.371 2000 07 12 08 56 53  17.961  80.997 1.707                80.997  1.707 
WD 0231-054    81.964 1.371 2000 07 15 07 35 32  18.335  78.543 1.663  85.323 4.081  79.508  3.350 
WD 0231-054    81.964 1.371 2002 09 06 09 43 28  12.033  82.833 1.255                82.833  1.255 
HS 0241+1411    6.092 2.812 2002 09 20 08 54 36  15.174   6.092 2.812                 6.092  2.812 
WD 0242-174    29.344 3.492 2001 12 17 02 06 06 -31.545  28.372 1.235  35.617 3.138  29.344  3.492 
WD 0243+155    27.351 0.526 2002 09 20 09 08 17  15.714  27.002 2.650  27.748 2.825  27.351  0.526 
HE 0245-0008   68.969 2.096 2003 01 16 02 39 57 -36.879  68.969 2.096                68.969  2.096 
HE 0246-5449   22.165 0.667 2002 09 20 06 52 05 -11.746  22.262 0.879                22.262  0.879 
HE 0246-5449   22.165 0.667 2002 09 22 04 50 34 -12.052  21.279 0.705  13.386 1.513  19.870  4.274 
WD 0250-026    49.366 1.260 2002 09 19 08 37 55  10.392  48.865 1.412  50.953 2.514  49.366  1.260 
WD 0250-007    45.823 1.601 2003 01 16 02 54 40 -36.690  48.603 3.057  44.259 3.685  46.832  3.018 
WD 0250-007    45.823 1.601 2003 02 04 00 59 49 -37.645  46.547 1.942  41.676 2.332  44.552  3.387 
HE 0255-1100   -9.597 3.448 2001 02 09 00 38 00 -36.672  -8.502 2.388                -8.502  2.388 
HE 0255-1100   -9.597 3.448 2002 09 20 07 24 06   7.309 -13.402 2.096 -23.728 4.845 -15.030  5.321 
HE 0256-1802   14.299 0.595 2002 09 20 07 38 38   4.351  15.500 1.258   3.160 1.907  11.759  8.020 
HE 0256-1802   14.299 0.595 2002 12 08 06 26 27 -27.646  14.369 1.330                14.369  1.330 
HE 0257-2104   23.523 1.101 2002 09 20 07 54 03   3.080  22.686 1.886  18.724 2.434  21.200  2.712 
HE 0257-2104   23.523 1.101 2002 12 08 06 41 10 -27.788  23.402 1.734  24.866 2.917  23.784  0.909 
HE 0300-2313   49.199 1.662 2000 12 06 02 12 26 -30.087  55.194 1.069  45.581 3.973  54.545  3.411 
HE 0300-2313   49.199 1.662 2000 12 07 03 42 28 -30.580  48.651 2.318  49.910 4.238  48.941  0.750 
WD 0302+027    22.281 1.969 2000 07 16 10 05 30  15.364  22.281 1.969                22.281  1.969 
HE 0303-2041   29.903 0.832 2002 09 21 06 59 11   0.083  27.927 1.710                27.927  1.710 
HE 0303-2041   29.903 0.832 2002 09 27 09 13 36  -2.198  29.998 0.943  31.691 4.219  30.079  0.509 
HE 0305-1145   31.944 2.824 2001 02 08 00 55 31 -40.265  31.944 2.824                31.944  2.824 
WD 0307+149    -2.777 0.008 2002 09 18 08 52 27  14.713  -2.774 1.199  -2.789 2.382  -2.777  0.008 
HS 0307+0746    2.476 1.757 2002 09 21 07 42 39  11.279   1.066 1.917                 1.066  1.917 
HS 0307+0746    2.476 1.757 2003 02 04 01 15 42 -40.572   3.966 2.235  -0.041 6.759   3.571  1.689 
WD 0310-688    48.695 0.895 2002 09 19 09 18 07 -17.273  49.644 0.373  49.978 0.901  49.693  0.166 
WD 0310-688    48.695 0.895 2002 12 03 05 21 32 -22.252  48.030 0.400  48.299 0.958  48.070  0.135 
WD 0310-688    48.695 0.895 2002 12 03 05 27 47 -22.256  48.117 0.357  49.894 0.766  48.434  0.963 
WD 0310-688    48.695 0.895 2002 12 08 06 56 33 -22.173  48.209 0.358  49.132 0.789  48.367  0.491 
HE 0308-2305   59.669 1.352 2001 02 07 01 43 52 -38.219  59.412 2.158  56.814 1.989  58.007  1.830 
HE 0308-2305   59.669 1.352 2001 02 09 01 20 18 -38.030  60.219 1.053                60.219  1.053 
WD 0308+188    31.094 1.458 2002 09 21 05 33 35  15.578  31.535 0.874  32.476 1.804  31.714  0.522 
WD 0308+188    31.094 1.458 2003 01 17 01 38 53 -35.621  29.099 0.769  30.730 1.693  29.378  0.868 
HS 0309+1001   88.457 8.157 2002 02 27 00 34 14 -38.438  89.387 3.140  92.627 2.083  91.637  2.110 
HS 0309+1001   88.457 8.157 2002 09 13 08 45 53  14.705  80.942 1.364  75.508 1.253  77.994  3.829 
HS 0315+0858   39.783 0.602 2002 09 21 08 23 11  12.378  39.737 1.040  40.362 2.543  39.827  0.309 
HS 0315+0858   39.783 0.602 2002 09 22 05 22 59  12.404  36.750 1.361  31.601 2.504  35.575  3.056 
HE 0317-2120   32.172 0.449 2001 02 06 03 12 11 -38.783  31.499 2.551                31.499  2.551 
HE 0317-2120   32.172 0.449 2001 02 07 02 08 30 -38.673  32.322 1.205                32.322  1.205 
WD 0317+196    53.986 1.037 2002 09 21 05 45 23  16.219  53.986 1.037                53.986  1.037 
WD 0318-021    28.828 0.461 2002 03 01 00 40 03 -38.569  28.652 0.839                28.652  0.839 
WD 0318-021    28.828 0.461 2002 03 03 00 55 26 -38.200  28.720 1.333  31.128 2.056  29.433  1.554 
WD 0320-539    49.855 3.871 2000 08 05 09 15 48  -5.250  49.855 3.871                49.855  3.871 
HE 0324-2234   37.765 2.483 2002 03 05 00 31 49 -34.844  39.627 1.454  33.636 3.830  38.872  2.811 
HE 0324-2234   37.765 2.483 2002 09 14 09 26 13   2.386  38.468 1.475  32.128 1.333  34.979  4.460 
HE 0324-0646   24.463 0.485 2002 02 27 00 49 19 -38.882  24.839 0.971  16.004 3.904  24.324  2.927 
HE 0324-0646   24.463 0.485 2002 03 04 00 25 28 -37.949  29.354 1.247  18.863 1.574  25.311  7.221 
HS 0325+2142   64.957 0.780 2002 09 21 06 01 03  17.372  65.146 1.046  63.341 3.066  64.957  0.780 
HE 0330-4736   32.537 1.971 2000 12 07 04 01 23 -26.079  32.946 1.084  33.845 2.974  33.051  0.409 
HE 0330-4736   32.537 1.971 2000 12 13 06 58 04 -27.167  29.059 1.386  26.696 3.652  28.761  1.108 
HS 0329+1121    4.157 6.102 2002 09 22 06 23 46  14.150  -2.665 2.391   6.886 1.512   4.157  6.102 
WD 0330-009     2.102 4.021 2003 01 16 02 14 24 -38.055   2.102 4.021                 2.102  4.021 
HS 0331+2240   23.079 1.010 2002 09 21 06 16 30  18.056  22.613 2.169  24.174 3.323  23.079  1.010 
HE 0333-2201   37.358 0.773 2000 12 11 03 49 20 -28.193  40.503 1.140  32.640 3.530  39.760  3.252 
HE 0333-2201   37.358 0.773 2001 01 15 02 24 16 -36.800  37.413 0.930  35.702 2.721  37.234  0.740 
HE 0336-0741   53.594 0.146 2002 03 01 00 54 54 -38.811  53.618 0.949  53.185 4.702  53.601  0.118 
HE 0336-0741   53.594 0.146 2002 03 03 01 11 12 -38.506  52.062 1.758                52.062  1.758 
WD 0336+040    60.329 0.475 2002 09 22 06 37 46  12.033  64.799 2.831  62.653 1.332  63.042  1.169 
WD 0336+040    60.329 0.475 2003 02 25 01 16 31 -39.932  60.251 1.622  60.571 4.489  60.288  0.144 
HS 0337+0939   60.470 1.205 2002 09 22 06 51 46  13.969  58.720 1.717                58.720  1.717 
HS 0337+0939   60.470 1.205 2003 02 04 01 29 56 -39.654  61.513 2.042  60.328 1.923  60.885  0.836 
HE 0338-3025    5.505 0.763 2001 09 18 08 57 23  -1.245   4.781 1.708   6.333 2.149   5.382  1.069 
HE 0338-3025    5.505 0.763 2001 09 19 09 25 45  -1.537   8.926 1.336  -2.651 4.237   7.878  4.698 
WD 0339-035    66.341 0.616 2000 07 15 09 33 18  11.600  66.163 1.314  67.502 2.467  66.459  0.786 
WD 0339-035    66.341 0.616 2002 09 13 08 59 53  11.500  63.791 1.005  69.259 2.214  64.726  2.911 
HS 0344+0944   41.879 2.052 2002 09 22 07 19 14  14.392  41.879 2.052                41.879  2.052 
HE 0344-1207   27.853 8.633 2001 02 06 02 57 00 -39.751  34.847 1.183                34.847  1.183 
HE 0344-1207   27.853 8.633 2001 02 07 02 53 28 -39.777  22.525 1.032                22.525  1.032 
HS 0345+1324   57.322 1.260 2002 09 22 07 34 26  15.779  57.322 1.260                57.322  1.260 
HS 0346+0755   36.167 1.331 2003 02 04 01 59 35 -39.490  34.975 1.103  39.478 4.665  35.213  1.426 
HS 0346+0755   36.167 1.331 2003 02 25 01 00 12 -39.795  37.097 1.409                37.097  1.409 
HE 0348-4445   40.973 0.005 2000 09 15 06 31 22  -6.239  40.966 2.346                40.966  2.346 
HE 0348-4445   40.973 0.005 2000 09 17 08 02 07  -6.721  41.156 0.759  36.729 3.670  40.975  1.242 
HE 0348-2404   34.268 1.476 2001 09 14 09 28 50   2.958  32.422 1.204  37.354 3.478  32.950  2.156 
HE 0348-2404   34.268 1.476 2001 09 15 09 11 45   2.776  34.588 1.193  37.971 2.841  35.095  1.708 
HE 0349-2537   -0.619 1.035 2000 12 11 03 34 10 -26.562  -0.309 1.651  -2.352 3.907  -0.619  1.035 
WD 0352+018    70.431 0.378 2002 02 27 01 14 03 -40.134  70.227 1.701                70.227  1.701 
WD 0352+018    70.431 0.378 2002 09 21 05 03 43  12.527  70.783 2.237                70.783  2.237 
WD 0352+096    72.137 0.122 2002 02 19 00 51 59 -40.014  72.222 1.061  71.753 2.023  72.120  0.272 
WD 0352+096    72.137 0.122 2002 09 21 05 23 20  15.370  72.922 0.937  69.405 2.927  72.595  1.443 
HE 0358-5127   26.326 0.633 2000 07 15 09 48 02  -4.649  26.247 1.407  27.743 3.711  26.435  0.701 
HE 0358-5127   26.326 0.633 2000 07 18 09 09 20  -4.574  22.273 1.992  26.362 1.833  24.487  2.881 
HS 0400+1451   77.929 0.467 2002 09 21 06 41 58  14.687  78.039 0.842  76.932 2.538  77.929  0.467 
HS 0401+1454    1.325 3.044 2003 02 04 02 39 35 -40.458   0.154 0.955   5.280 1.755   1.325  3.044 
HE 0403-4129   11.483 0.352 2000 07 15 10 02 48  -3.916  22.087 1.707  -1.577 3.930  18.329 12.230 
HE 0403-4129   11.483 0.352 2000 07 18 09 23 58  -3.656  12.332 3.824  11.359 1.404  11.474  0.445 
HE 0404-1852   24.605 1.036 2000 12 17 05 58 34 -29.520  24.348 1.418  26.691 4.033  24.605  1.036 
WD 0406+169    80.465 3.444 2003 02 04 02 25 40 -39.760  79.486 1.376  86.522 3.423  80.465  3.444 
WD 0407+179    50.846 1.341 2003 02 04 02 15 14 -39.462  48.637 0.574  51.631 1.939  48.878  1.152 
WD 0407+179    50.846 1.341 2003 02 25 01 35 07 -41.132  51.049 1.314  51.911 2.033  51.303  0.555 
WD 0408-041     1.511 0.020 2000 09 15 09 27 26   9.384   3.986 0.687  13.635 3.104   4.437  2.882 
WD 0408-041     1.511 0.020 2001 09 02 09 17 33  11.232   1.506 1.325   1.532 2.759   1.511  0.014 
WD 0410+117    41.244 0.014 2002 02 27 01 29 18 -42.359  40.373 0.875  44.565 1.730  41.227  2.387 
WD 0410+117    41.244 0.014 2003 01 18 04 10 05 -36.916  40.762 1.039  43.273 2.116  41.250  1.405 
HS 0412+0632   20.755 0.024 2002 02 19 01 02 39 -42.880  20.619 0.827  21.479 1.919  20.754  0.442 
HS 0412+0632   20.755 0.024 2003 01 18 04 18 52 -37.670  21.907 1.121  11.101 3.552  20.928  4.386 
HE 0414-4039   46.349 1.210 2000 12 11 04 49 32 -25.865  52.851 2.244  47.689 4.771  51.915  2.812 
HE 0414-4039   46.349 1.210 2000 12 17 05 42 39 -27.261  45.856 2.491  46.476 2.108  46.218  0.432 
WD 0416-550    15.049 2.962 2000 07 18 09 52 04  -8.244  16.985 1.740  12.783 1.882  15.049  2.962 
HE 0416-3852   33.313 0.616 2000 12 11 04 32 22 -25.806  34.978 1.799  30.829 4.176  34.328  2.132 
HE 0416-3852   33.313 0.616 2000 12 17 05 27 01 -27.301  32.985 0.873  36.108 4.022  33.126  0.915 
HE 0417-3033   44.330 5.463 2001 12 28 02 25 24 -30.605  41.748 2.933                41.748  2.933 
HE 0417-3033   44.330 5.463 2002 09 15 08 16 47  -1.316  51.171 0.930  41.048 2.717  50.108  4.387 
HE 0418-5326   -1.115 1.618 2000 07 18 10 05 45  -7.853  -1.115 1.618                -1.115  1.618 
HE 0418-1021   53.616 1.651 2001 12 27 04 25 06 -31.029  54.369 3.234  52.963 1.690  53.265  0.815 
HE 0418-1021   53.616 1.651 2002 09 13 09 13 40   7.576  56.521 2.122  61.257 4.149  57.503  2.715 
WD 0421+162    61.320 0.505 2002 02 27 01 40 16 -41.520  61.300 0.837  60.953 2.285  61.259  0.158 
WD 0421+162    61.320 0.505 2002 12 31 03 09 33 -27.530  63.071 1.052  64.688 2.069  63.403  0.923 
HE 0425-2015   40.757 2.249 2002 09 23 07 04 10   2.149  39.700 2.324                39.700  2.324 
HE 0425-2015   40.757 2.249 2002 09 25 08 49 09   1.563  44.314 2.681  37.899 5.693  43.150  3.496 
WD 0425+168    63.076 2.176 2002 12 31 03 18 33 -27.004  63.399 1.337  60.667 2.428  62.763  1.632 
WD 0425+168    63.076 2.176 2003 01 11 04 28 04 -31.857  63.195 1.652  74.985 1.259  70.652  8.038 
HE 0426-1011   60.498 1.714 2002 03 05 01 10 19 -41.743  56.999 1.247                56.999  1.247 
HE 0426-1011   60.498 1.714 2002 09 23 07 35 44   6.350  61.011 0.833  59.911 2.742  60.918  0.432 
WD 0426+106    67.096 2.716 2002 09 23 08 05 42  14.071  67.096 2.716                67.096  2.716 
HE 0426-0455   12.344 0.082 2000 12 07 06 42 02 -20.923  12.623 0.999  11.057 1.932  12.292  0.904 
HE 0426-0455   12.344 0.082 2000 12 11 03 21 17 -22.376  12.411 1.036                12.411  1.036 
WD 0431+126    63.914 0.195 2003 01 19 03 51 28 -35.257  62.001 1.476  57.740 3.663  61.405  2.089 
WD 0431+126    63.914 0.195 2003 01 20 04 28 08 -35.651  63.877 1.293  64.072 2.390  63.921  0.115 
HE 0436-1633   10.078 1.230 2002 02 10 01 37 23 -40.094  12.692 0.940   8.995 1.267  11.379  2.501 
HE 0436-1633   10.078 1.230 2002 09 23 08 56 34   4.048  10.189 1.244   7.477 2.122   9.496  1.673 
WD 0437+152     8.380 1.343 2003 01 19 03 59 46 -34.048   6.067 1.708                 6.067  1.708 
WD 0437+152     8.380 1.343 2003 01 23 03 03 45 -35.322   8.064 1.512   9.119 1.063   8.770  0.701 
WD 0446-789    24.104 0.009 2002 11 30 07 07 12 -17.345  23.643 1.020  25.089 1.591  24.064  0.929 
WD 0446-789    24.104 0.009 2002 12 03 06 05 12 -17.038  24.145 0.699  23.809 1.904  24.105  0.154 
HE 0452-3429   42.180 2.159 2002 02 26 03 10 25 -34.806  40.534 2.163                40.534  2.163 
HE 0452-3429   42.180 2.159 2002 03 05 01 25 08 -34.534  45.111 1.379  42.268 1.291  43.596  2.006 
HE 0456-2347   18.461 2.729 2002 02 26 03 42 37 -38.691  18.461 2.729                18.461  2.729 
HE 0507-1855   41.675 1.617 2000 09 15 08 31 21   3.165  42.128 1.238                42.128  1.238 
HE 0507-1855   41.675 1.617 2000 09 17 08 17 09   3.049  42.090 2.679  37.309 1.793  38.788  3.125 
WD 0509-007    10.994 2.025 2000 09 14 08 45 24  10.963  11.883 2.245                11.883  2.245 
WD 0509-007    10.994 2.025 2001 12 15 07 33 57 -20.039   8.686 3.618                 8.686  3.618 
WD 0511+079     5.193 0.377 2000 09 15 07 51 41  13.830   5.035 2.649   5.462 3.226   5.207  0.295 
WD 0511+079     5.193 0.377 2001 09 02 09 33 29  13.553   8.535 3.301  -1.420 1.530   0.340  5.372 
HE 0516-1804    9.608 1.492 2000 12 07 08 14 52 -18.707   9.996 1.892   6.734 5.152   9.608  1.492 
HE 0532-5605   55.914 0.776 2000 09 15 08 16 41 -12.080  55.536 2.508                55.536  2.508 
HE 0532-5605   55.914 0.776 2000 09 16 09 26 46 -12.171  56.711 3.644                56.711  3.644 
WD 0549+158    23.357 1.212 2002 01 21 02 20 41 -29.329  18.963 1.533                18.963  1.533 
WD 0549+158    23.357 1.212 2002 02 19 02 14 44 -39.656  17.251 1.651  12.962 3.961  16.616  2.154 
WD 0549+158    23.357 1.212 2002 09 25 09 06 15  16.193  23.598 1.574  23.082 4.354  23.538  0.233 
WD 0556+172    71.593 5.192 2002 01 21 02 31 43 -28.091  74.351 1.742  75.406 4.127  74.511  0.534 
WD 0556+172    71.593 5.192 2002 02 21 00 51 10 -39.111  67.315 0.926  66.311 1.287  66.973  0.673 
WD 0558+165    65.732 1.685 2002 01 21 02 47 32 -28.819  64.656 1.347  68.701 3.444  65.193  1.940 
WD 0558+165    65.732 1.685 2002 02 21 01 07 35 -39.898  66.976 1.273  74.986 2.781  68.365  4.287 
WD 0612+177    33.318 0.376 2002 02 17 04 08 16 -37.947  31.376 0.990  35.656 2.424  31.988  2.118 
WD 0612+177    33.318 0.376 2002 02 19 02 24 54 -38.372  33.203 1.026  33.906 1.827  33.372  0.424 
WD 0621-376    13.746 0.119 2000 09 14 08 59 33  -5.863  13.624 0.404                13.624  0.404 
WD 0621-376    13.746 0.119 2001 04 07 01 12 55 -34.424  13.804 0.279                13.804  0.279 
WD 0628-020    90.376 3.016 2002 12 24 08 22 57 -14.951  91.667 1.189  86.852 1.965  90.376  3.016 
WD 0642-285    25.585 1.364 2001 04 08 01 15 17 -38.737  25.585 1.364                25.585  1.364 
WD 0646-253    50.669 1.467 2001 04 08 01 29 39 -39.969  52.665 1.362  49.899 3.274  52.257  1.387 
WD 0646-253    50.669 1.467 2001 11 18 08 18 23  -4.523  50.255 1.170  48.436 2.837  49.991  0.906 
WD 0659-063    10.435 2.658 2000 12 06 08 24 01  -3.527  13.993 1.387   5.123 1.722  10.504  6.127 
WD 0659-063    10.435 2.658 2000 12 07 07 40 38  -3.836  10.523 1.864   4.308 2.061   7.727  4.372 
WD 0659-063    10.435 2.658 2000 12 17 08 10 37  -8.055  12.564 3.902                12.564  3.902 
WD 0710+216    26.011 1.824 2002 02 17 04 19 29 -31.712  26.406 0.735  38.199 1.835  28.039  5.760 
WD 0710+216    26.011 1.824 2002 02 19 02 35 41 -32.306  25.898 0.959  15.693 3.516  25.191  3.664 
WD 0810-728    34.434 0.510 2001 04 09 01 45 44 -11.544  34.672 2.065                34.672  2.065 
WD 0810-728    34.434 0.510 2001 05 04 00 26 05 -14.239  33.885 3.139                33.885  3.139 
WD 0830-535    23.468 5.951 2001 04 09 02 10 28 -23.772  24.774 1.891   9.902 6.099  23.468  5.951 
WD 0838+035    18.292 2.020 2002 02 17 04 53 01 -22.583  19.027 3.524                19.027  3.524 
WD 0838+035    18.292 2.020 2002 02 21 01 43 29 -24.131  21.167 4.059  11.366 3.478  15.516  6.848 
WD 0839-327    35.035 0.183 2001 04 09 02 20 27 -33.851  35.157 0.475  37.081 1.074  35.472  1.006 
WD 0839-327    35.035 0.183 2001 05 04 01 25 11 -37.304  34.907 0.548  35.498 1.299  34.996  0.299 
WD 0839+231    -9.608 2.125 2002 02 17 05 08 58 -20.559  -9.971 1.924 -11.178 3.980 -10.200  0.668 
WD 0839+231    -9.608 2.125 2002 02 22 02 09 17 -22.619  -5.792 1.698                -5.792  1.698 
WD 0852+192     8.953 0.072 2003 01 11 05 33 01  -0.179   9.081 1.170   7.996 3.047   8.941  0.513 
WD 0852+192     8.953 0.072 2003 01 24 03 54 51  -6.708   9.520 0.887   2.383 3.916   9.172  2.175 
WD 0858+160    57.850 1.032 2003 01 24 05 13 39  -4.084  58.300 1.246  61.735 2.899  58.836  1.762 
WD 0858+160    57.850 1.032 2003 02 19 02 17 10 -17.443  56.997 1.151  60.026 3.391  57.310  1.304 
WD 0859-039    -6.990 0.201 2001 12 13 08 23 51  10.965  -7.022 0.856  -6.831 1.446  -6.972  0.118 
WD 0859-039    -6.990 0.201 2001 12 18 07 49 13   9.581 -12.054 0.944  -3.866 2.901 -11.269  3.409 
WD 0859-039    -6.990 0.201 2001 12 28 08 18 10   6.098  -7.204 0.805  -8.500 1.792  -7.422  0.685 
WD 0908+171    12.872 0.469 2002 02 24 04 26 17 -19.145  12.922 0.938  15.793 3.378  13.128  1.046 
WD 0908+171    12.872 0.469 2002 12 27 08 22 25  10.214  11.902 1.451  14.158 2.591  12.441  1.360 
WD 0911-076    42.737 0.155 2000 04 23 01 48 16 -39.137  41.749 1.505  46.064 3.819  42.329  2.081 
WD 0911-076    42.737 0.155 2000 04 26 02 56 40 -39.718  42.985 1.428  42.043 2.597  42.766  0.562 
WD 0922+183    21.768 6.427 2002 02 24 04 08 01 -17.208  31.097 2.010                31.097  2.010 
WD 0922+183    21.768 6.427 2002 12 28 08 01 55  11.441  20.495 2.833  19.045 2.085  19.554  0.979 
WD 0928-713    60.842 2.673 2001 05 15 00 02 00 -16.146  64.981 1.062  64.397 1.736  64.822  0.367 
WD 0928-713    60.842 2.673 2001 12 15 05 47 59  -6.736  67.193 4.736  73.280 4.623  70.310  4.302 
WD 0928-713    60.842 2.673 2001 12 15 06 24 20  -6.749  59.566 0.853  59.195 1.552  59.480  0.221 
WD 0928-713    60.842 2.673 2002 04 23 02 35 34 -12.649  60.277 1.556  59.337 1.947  59.910  0.648 
HS 0926+0828   38.704 0.675 2002 02 24 04 43 15 -17.397  38.969 2.123                38.969  2.123 
HS 0926+0828   38.704 0.675 2003 01 24 04 08 59  -0.960  35.422 3.094  40.879 3.467  37.842  3.834 
HS 0929+0839   31.810 1.469 2003 01 24 05 27 18  -0.802  32.438 0.841  29.982 2.452  32.179  1.066 
HS 0929+0839   31.810 1.469 2003 02 20 01 13 11 -14.431  28.881 3.004                28.881  3.004 
HS 0933+0028   43.824 2.439 2003 01 24 04 32 40  -0.725  43.824 2.439                43.824  2.439 
HS 0937+0130   36.352 0.281 2002 03 23 02 47 44 -28.778  36.405 1.358                36.405  1.358 
HS 0937+0130   36.352 0.281 2002 12 28 08 16 37  10.620  33.799 2.145  43.034 4.367  35.594  5.168 
WD 0937-103    54.062 1.994 2002 02 17 06 06 50 -12.433  53.711 1.357                53.711  1.357 
WD 0937-103    54.062 1.994 2002 02 22 04 16 02 -14.646  61.976 1.862  53.091 3.205  59.733  5.458 
WD 0939-153    26.169 0.482 2000 04 23 02 04 12 -37.177  26.142 1.005  26.888 2.680  26.234  0.346 
WD 0939-153    26.169 0.482 2000 04 26 03 10 55 -37.953  23.791 1.199  27.110 2.554  24.390  1.805 
HS 0940+1129   58.432 0.649 2003 01 24 05 41 39   0.651  58.670 0.934  58.126 1.480  58.515  0.347 
HS 0940+1129   58.432 0.649 2003 02 20 01 30 13 -13.002  56.355 1.483  51.836 4.475  55.908  1.909 
HS 0943+1401   43.873 1.572 2003 01 24 05 55 04   1.036  43.253 1.982  52.767 4.428  44.841  5.016 
HS 0943+1401   43.873 1.572 2003 02 25 02 01 25 -15.269  35.394 3.305  44.904 1.871  42.596  5.766 
HS 0944+1913   59.110 0.190 2003 01 24 06 08 43   1.364  59.050 0.729  59.537 1.729  59.124  0.246 
HS 0944+1913   59.110 0.190 2003 02 25 01 47 20 -14.847  57.044 0.861  61.198 1.760  57.846  2.319 
HS 0949+0935   24.632 4.603 2001 12 20 08 04 25  15.150  29.664 4.246                29.664  4.246 
HS 0949+0935   24.632 4.603 2002 02 22 04 44 19 -13.635  22.526 2.747                22.526  2.747 
HS 0949+0823   19.207 3.037 2003 01 24 06 24 14   1.407  17.117 0.939                17.117  0.939 
HS 0949+0823   19.207 3.037 2003 01 24 06 38 43   1.375  24.472 2.130                24.472  2.130 
HS 0949+0823   19.207 3.037 2003 02 14 04 18 28  -9.186  20.827 1.744                20.827  1.744 
HS 0949+0823   19.207 3.037 2003 02 14 04 29 47  -9.210  21.640 1.894                21.640  1.894 
WD 0950+077     9.332 0.003 2001 04 10 01 47 24 -34.213   8.881 1.188  12.823 3.315   9.330  1.770 
WD 0950+077     9.332 0.003 2002 03 23 03 34 38 -27.584   9.893 0.939   5.294 2.528   9.335  2.122 
WD 0951-155    14.219 1.246 2000 04 23 02 19 26 -36.581  15.017 1.712  13.107 2.866  14.515  1.188 
WD 0951-155    14.219 1.246 2000 04 26 03 24 49 -37.422   9.712 1.426  14.913 1.891  11.597  3.535 
WD 0954+134     5.458 3.430 2002 02 23 04 14 28 -13.248   7.431 1.766                 7.431  1.766 
WD 0954+134     5.458 3.430 2002 02 24 04 59 03 -13.867   2.476 2.171                 2.476  2.171 
WD 0955+247    54.376 1.714 2001 12 17 08 22 11  17.916  55.241 1.188  54.261 1.373  54.821  0.685 
WD 0955+247    54.376 1.714 2001 12 29 08 24 11  13.942  52.381 1.323  49.738 1.337  51.074  1.868 
WD 0956+045    53.671 1.223 2001 01 15 04 20 43   6.044  53.862 1.526  45.552 1.406  49.368  5.856 
WD 0956+045    53.671 1.223 2001 01 15 04 55 10   5.982  54.738 2.562  49.921 3.655  53.150  3.202 
WD 0956+045    53.671 1.223 2001 02 06 03 44 46  -4.502  53.641 1.773  56.636 4.650  54.021  1.410 
WD 0956+020    48.183 0.126 2000 04 23 02 34 34 -37.919  46.270 1.014  43.259 2.422  45.821  1.516 
WD 0956+020    48.183 0.126 2000 04 26 03 47 40 -38.720  48.164 1.038  48.260 1.897  48.186  0.057 
WD 1000-001    63.040 0.062 2001 04 10 02 20 09 -30.132  63.014 1.871  63.115 3.229  63.040  0.062 
WD 1003-023    21.770 0.321 2001 01 15 04 39 57   9.821  22.396 1.322  20.496 2.227  21.901  1.179 
WD 1003-023    21.770 0.321 2001 02 06 03 59 38  -0.162  21.964 1.481  17.795 3.654  21.375  2.052 
HS 1003+0726   48.132 2.905 2002 05 24 01 56 12 -37.149  43.779 4.008                43.779  4.008 
HS 1003+0726   48.132 2.905 2003 01 17 04 54 53   9.847  49.101 1.892                49.101  1.892 
WD 1010+043    49.265 1.458 2002 02 24 05 15 04  -8.652  49.265 1.458                49.265  1.458 
HE 1012-0049   15.794 1.916 2000 04 21 02 52 58 -32.818  16.719 1.800  13.809 2.637  15.794  1.916 
HS 1013+0321   29.797 1.258 2002 05 24 02 11 49 -37.748  28.332 1.651   5.418 5.376  26.356  9.097 
HS 1013+0321   29.797 1.258 2003 01 24 04 46 19   7.517  30.027 2.353                30.027  2.353 
WD 1015-216    -9.018 1.287 2000 04 21 04 06 42 -30.369  -1.315 2.458 -13.086 2.773  -6.493  8.263 
WD 1015-216    -9.018 1.287 2000 05 16 23 51 00 -35.955  -6.053 2.962 -10.694 1.895  -9.346  2.979 
WD 1015+076    56.678 0.002 2001 01 15 05 14 24  11.633  56.672 0.527  56.702 1.045  56.678  0.017 
WD 1015+076    56.678 0.002 2003 01 17 04 23 53  11.071  56.815 0.553  55.569 1.241  56.609  0.655 
WD 1015+161    60.224 0.414 2002 02 17 06 39 10  -4.534  59.608 1.311  62.545 3.159  60.040  1.470 
WD 1015+161    60.224 0.414 2002 02 22 04 59 10  -6.970  60.005 0.962  64.711 2.331  60.691  2.347 
WD 1017-138    44.656 2.662 2002 04 23 04 06 09 -32.136  42.771 3.548                42.771  3.548 
WD 1017-138    44.656 2.662 2003 01 17 05 10 18   9.216  46.536 3.543                46.536  3.543 
WD 1017+125     8.479 3.644 2001 01 15 05 29 28  12.075   4.344 1.062   5.759 3.247   4.481  0.591 
WD 1017+125     8.479 3.644 2001 01 30 08 07 38   4.752  10.291 2.013   9.659 3.598  10.140  0.381 
WD 1019+129    63.816 2.236 2001 01 15 07 58 45  11.945  65.470 1.189  72.189 3.521  66.158  2.880 
WD 1019+129    63.816 2.236 2001 01 30 08 22 01   4.932  62.243 1.082  66.494 2.947  62.748  1.945 
WD 1020-207    65.144 0.380 2000 04 21 04 21 58 -30.348  63.088 1.059  70.544 2.205  64.486  4.115 
WD 1020-207    65.144 0.380 2000 05 17 00 04 31 -36.153  65.756 1.383  62.431 3.282  65.254  1.683 
WD 1026+023     6.921 0.815 2001 04 10 05 06 31 -28.228   7.908 0.943  10.919 1.566   8.709  1.881 
WD 1026+023     6.921 0.815 2002 05 24 02 28 05 -37.821   7.166 1.464   4.993 3.190   6.788  1.165 
WD 1026+023     6.921 0.815 2003 01 17 05 18 54  11.762   6.870 0.867   5.143 2.079   6.614  0.868 
WD 1031-114    25.076 0.421 2001 06 26 23 20 01 -36.758  23.939 0.868  26.959 1.835  24.491  1.651 
WD 1031-114    25.076 0.421 2001 06 28 23 32 36 -36.434  25.544 0.816  24.105 1.539  25.228  0.842 
WD 1031+063    43.537 5.579 2001 04 10 05 19 13 -27.728  36.234 2.123  27.902 4.997  34.959  4.240 
WD 1031+063    43.537 5.579 2003 01 24 05 00 00   9.602  42.989 3.260  46.157 1.903  45.352  1.950 
WD 1036+085    12.578 4.258 2003 01 17 05 40 43  13.025  10.425 1.391  16.790 1.945  12.578  4.258 
HS 1043+0258   13.440 0.219 2003 01 24 07 31 04  10.255  16.050 0.935   0.809 1.864  12.984  8.640 
HS 1043+0258   13.440 0.219 2003 02 14 05 26 03   0.623  14.414 1.355   8.826 3.051  13.493  2.931 
WD 1049-158    60.413 0.074 2002 04 23 03 03 34 -29.525  59.604 1.227  64.292 2.234  60.691  2.797 
WD 1049-158    60.413 0.074 2002 12 08 07 22 28  17.041  60.212 1.145  61.132 2.243  60.403  0.527 
WD 1053-550     7.036 0.939 2001 05 15 00 20 28 -23.217   9.500 0.882   4.089 2.053   8.657  2.775 
WD 1053-550     7.036 0.939 2001 06 09 00 25 57 -28.104   7.086 0.680   4.759 1.695   6.764  1.137 
WD 1053-290     4.721 1.391 2000 04 23 03 06 50 -26.773   3.742 1.432   6.847 3.859   4.118  1.432 
WD 1053-290     4.721 1.391 2000 05 17 01 25 00 -33.645   6.327 2.338                 6.327  2.338 
WD 1053-092    11.906 1.119 2000 06 07 23 42 21 -38.767  12.940 2.866                12.940  2.866 
WD 1053-092    11.906 1.119 2000 06 10 23 51 22 -38.796  11.300 2.193                11.300  2.193 
HS 1053+0844   20.274 0.049 2002 02 17 06 55 34  -0.055  22.775 1.281                22.775  1.281 
HS 1053+0844   20.274 0.049 2002 02 22 05 15 27  -2.448  20.275 0.660  20.193 4.155  20.273  0.018 
WD 1056-384    28.254 0.670 2001 05 15 00 32 41 -30.071  28.690 1.632  22.340 3.783  27.694  3.266 
WD 1056-384    28.254 0.670 2001 06 09 00 36 15 -34.622  27.981 1.302  34.326 3.775  28.656  2.766 
WD 1058-129    58.653 1.167 2001 01 11 08 53 42  18.150  61.578 3.435  57.177 4.974  60.157  2.910 
WD 1058-129    58.653 1.167 2001 06 27 01 13 25 -34.351  60.108 2.913  48.889 2.688  54.048  7.907 
WD 1058-129    58.653 1.167 2002 04 23 04 56 16 -25.396  58.466 1.343                58.466  1.343 
WD 1102-183    52.132 1.568 2000 04 23 03 22 51 -24.431  53.795 1.591  52.031 1.657  52.949  1.245 
WD 1102-183    52.132 1.568 2000 05 19 00 14 22 -31.828  51.437 1.319  55.259 1.793  52.779  2.580 
WD 1102-183    52.132 1.568 2001 06 27 00 58 53 -34.605  49.001 1.472  51.649 1.824  50.046  1.829 
HS 1102+0032   55.109 2.679 2002 04 29 04 53 36 -27.804  55.722 2.488                55.722  2.488 
HS 1102+0032   55.109 2.679 2003 01 18 05 31 24  18.555  51.960 2.315  38.334 4.653  49.256  7.685 
WD 1105-048    43.305 1.870 2002 04 23 04 32 14 -25.367  42.587 0.570  41.426 1.314  42.403  0.599 
WD 1105-048    43.305 1.870 2003 01 17 06 17 55  18.577  45.556 0.520  44.005 1.037  45.244  0.878 
HS 1115+0321   31.711 0.584 2002 04 29 04 39 03 -26.715  30.377 1.300                30.377  1.300 
HS 1115+0321   31.711 0.584 2003 01 17 06 26 43  20.032  31.986 0.915  31.285 1.777  31.839  0.403 
WD 1116+026    43.950 3.773 2003 01 24 07 58 57  17.417  43.425 1.426  37.308 1.114  39.627  4.197 
WD 1116+026    43.950 3.773 2003 02 14 05 54 17   8.523  45.018 1.261  51.398 3.993  45.597  2.590 
HE 1117-0222   33.189 3.362 2000 04 22 01 22 16 -23.756  37.627 0.941  33.038 2.092  36.854  2.429 
HE 1117-0222   33.189 3.362 2000 05 17 01 53 56 -31.546  31.646 1.576                31.646  1.576 
WD 1121+216    62.422 0.010 2002 01 14 08 45 44  21.310  62.464 1.122  62.377 1.170  62.422  0.061 
WD 1121+216    62.422 0.010 2002 02 22 05 31 37   4.556  63.882 0.998  59.578 1.165  62.060  3.006 
WD 1122-324    -6.790 0.461 2000 04 23 03 38 36 -20.332  -6.821 1.572 -16.385 1.868 -10.785  6.663 
WD 1122-324    -6.790 0.461 2000 05 19 00 28 05 -28.576  -6.964 1.877  -6.024 3.602  -6.763  0.544 
WD 1124-293    21.694 1.776 2000 05 17 02 06 17 -28.804  21.359 1.208  26.390 4.516  21.694  1.776 
WD 1125-025    58.511 1.375 2003 01 18 06 05 19  20.214  58.511 1.375                58.511  1.375 
WD 1126-222    46.067 0.490 2000 04 23 04 10 47 -21.961  43.447 2.752  51.934 2.303  48.438  5.907 
WD 1126-222    46.067 0.490 2000 05 19 00 41 42 -30.384  46.545 1.734  45.309 2.005  46.016  0.864 
WD 1129+071     9.500 1.048 2003 01 18 08 27 14  20.563   9.539 1.018  10.892 2.322   9.757  0.704 
WD 1129+071     9.500 1.048 2003 01 24 08 36 25  18.480   6.823 1.288  11.234 3.470   7.357  2.035 
WD 1129+155    35.340 1.563 2002 02 17 07 26 26   7.967  35.321 1.743  32.176 1.134  33.112  2.032 
WD 1129+155    35.340 1.563 2002 02 22 05 42 35   5.684  36.287 1.332  34.610 2.387  35.889  1.008 
WD 1130-125    50.566 4.397 2000 05 17 04 23 23 -30.958  45.634 3.107                45.634  3.107 
WD 1130-125    50.566 4.397 2000 05 19 01 08 55 -31.157  53.127 1.503  49.326 3.473  52.527  1.959 
HS 1136+0326   22.309 2.066 2003 01 18 06 34 40  21.254  22.309 2.066                22.309  2.066 
WD 1141+077    38.775 0.910 2001 01 11 09 05 29  23.224  38.775 0.910                38.775  0.910 
WD 1144-246   -12.829 0.621 2000 04 22 05 05 08 -19.646 -12.851 0.992  -8.975 4.290 -12.654  1.203 
WD 1144-246   -12.829 0.621 2000 05 17 02 54 31 -28.718 -13.937 3.033               -13.937  3.033 
HS 1144+1517   32.585 1.087 2002 02 23 06 52 57   6.748  31.940 2.075  29.461 4.279  31.468  1.377 
HS 1144+1517   32.585 1.087 2002 02 25 07 57 45   5.623  32.172 2.249  33.591 1.600  33.114  0.947 
WD 1145+187    42.649 0.138 2002 02 17 07 39 51   9.384  42.761 1.775                42.761  1.775 
WD 1145+187    42.649 0.138 2002 02 22 05 55 10   7.174  42.063 1.371  44.951 2.993  42.564  1.546 
WD 1147+255    61.870 0.288 2003 01 18 06 48 36  21.589  63.977 1.562  45.796 5.285  62.515  6.991 
WD 1147+255    61.870 0.288 2003 01 24 08 08 38  19.393  61.805 2.212                61.805  2.212 
WD 1149+057    -0.141 0.332 2001 02 06 04 24 44  15.439   0.018 2.242  -0.487 3.294  -0.141  0.332 
WD 1150-153    16.958 2.820 2000 04 23 04 26 23 -20.666  19.746 2.404                19.746  2.404 
WD 1150-153    16.958 2.820 2000 05 19 01 22 50 -29.946  15.531 1.719                15.531  1.719 
HE 1152-1244   24.621 0.088 2000 04 22 02 04 05 -20.123  24.587 0.836  24.872 2.137  24.624  0.136 
HE 1152-1244   24.621 0.088 2000 05 19 01 42 02 -30.155  24.152 0.873  18.514 2.162  23.362  2.767 
HS 1153+1416    7.098 5.134 2003 01 18 07 01 57  22.537  12.887 3.237                12.887  3.237 
HS 1153+1416    7.098 5.134 2003 02 14 06 06 53  12.219   4.821 2.030                 4.821  2.030 
WD 1155-243    37.964 1.000 2000 07 14 23 49 42 -35.024  39.125 1.282  30.781 2.118  36.887  5.228 
WD 1155-243    37.964 1.000 2000 07 18 00 10 05 -34.720  39.300 1.307  31.666 3.642  38.429  3.433 
WD 1159-098    70.410 0.686 2000 07 03 00 00 52 -31.021  70.566 1.189  71.462 2.149  70.776  0.536 
WD 1159-098    70.410 0.686 2000 07 05 22 58 03 -30.722  69.885 1.115  67.651 4.682  69.765  0.712 
WD 1201-001    57.993 0.107 2000 07 13 23 55 15 -27.855  57.854 1.809  58.671 3.576  58.021  0.465 
WD 1201-001    57.993 0.107 2000 07 17 00 09 10 -27.318  58.240 1.569  55.991 3.108  57.783  1.279 
WD 1202-232    19.123 0.545 2000 04 23 04 43 22 -14.548  19.003 0.653  18.048 0.749  18.590  0.669 
WD 1202-232    19.123 0.545 2000 05 17 03 08 07 -23.831  19.676 0.810  18.975 1.012  19.402  0.484 
WD 1204-322    12.031 3.388 2000 04 23 05 09 30 -13.341   6.466 1.513   9.555 2.576   7.258  1.907 
WD 1204-322    12.031 3.388 2000 05 17 03 16 37 -22.460  13.234 0.957                13.234  0.957 
WD 1204-136    31.748 2.360 2000 04 23 04 53 50 -15.164  34.327 1.357                34.327  1.357 
WD 1204-136    31.748 2.360 2000 05 17 03 30 22 -24.446  30.851 2.381  28.567 8.053  30.668  0.878 
HS 1204+0159   32.053 1.754 2002 02 24 06 55 45  13.137  32.053 1.754                32.053  1.754 
WD 1207-157     2.992 1.319 2000 07 15 00 03 24 -30.966   3.216 1.140   8.365 3.112   3.826  2.352 
WD 1207-157     2.992 1.319 2000 07 18 00 47 30 -30.645   3.074 1.558  -1.129 2.577   1.947  2.632 
WD 1214+032    37.127 2.187 2003 01 18 05 50 48  27.762  38.329 1.448  35.137 1.863  37.127  2.187 
WD 1216+036    34.696 0.245 2001 06 09 01 14 55 -28.137  33.510 1.103  37.930 1.965  34.570  2.668 
WD 1216+036    34.696 0.245 2001 06 20 01 13 35 -29.119  33.613 1.549  39.997 3.032  34.935  3.657 
WD 1220-292    15.882 0.873 2000 05 20 01 17 09 -22.750  15.221 1.063  12.134 2.352  14.697  1.638 
WD 1220-292    15.882 0.873 2000 05 21 04 22 48 -23.398  15.967 1.300  17.747 3.320  16.204  0.854 
HE 1225+0038   11.224 0.221 2000 05 17 03 44 00 -22.904   9.522 1.896   5.603 4.400   8.908  2.014 
HE 1225+0038   11.224 0.221 2000 07 04 23 27 26 -29.471  11.204 0.690  11.540 2.181  11.235  0.136 
WD 1229-012    18.001 0.056 2000 05 20 01 44 15 -23.322  17.669 0.853  18.950 1.614  17.949  0.748 
WD 1229-012    18.001 0.056 2000 05 22 01 15 54 -23.887  17.806 0.905  18.761 1.630  18.031  0.573 
WD 1230-308    57.469 3.024 2000 05 20 01 54 16 -21.995  57.469 3.024                57.469  3.024 
WD 1231-141     4.044 1.914 2000 05 20 02 10 22 -23.437   4.067 1.534   2.613 3.524   3.835  0.752 
WD 1231-141     4.044 1.914 2000 05 22 02 19 39 -24.141   8.995 1.487  15.927 1.341  12.817  4.875 
WD 1236-495    64.389 1.155 2001 05 15 01 17 58 -15.887  64.110 2.037                64.110  2.037 
WD 1236-495    64.389 1.155 2001 06 08 02 03 21 -23.543  70.298 2.635  61.730 3.158  66.780  5.961 
WD 1237-028    61.259 0.063 2001 06 19 23 27 59 -29.516  60.878 3.758                60.878  3.758 
WD 1237-028    61.259 0.063 2001 07 27 00 04 33 -27.939  61.142 0.812  62.067 2.083  61.264  0.442 
WD 1241+235    13.768 4.052 2002 02 21 08 53 40  16.496  15.826 3.269   9.777 4.553  13.768  4.052 
HS 1243+0132   44.060 2.337 2003 01 17 08 08 09  28.899  43.237 2.674  47.381 5.372  44.060  2.337 
WD 1244-125    25.027 1.670 2000 05 23 02 56 25 -23.476  25.794 1.067  27.758 1.933  26.253  1.175 
WD 1244-125    25.027 1.670 2000 07 04 23 17 25 -31.538  23.478 0.972  25.447 1.892  23.889  1.132 
HE 1247-1130   10.376 0.819 2002 04 23 01 00 18 -10.009  10.131 1.181  11.748 2.796  10.376  0.819 
EC 12489-2750  27.180 1.083 2000 07 13 01 25 59 -32.720  27.180 1.083                27.180  1.083 
HS 1249+0426   29.509 5.433 2001 06 20 00 22 15 -28.010  25.856 2.354                25.856  2.354 
HS 1249+0426   29.509 5.433 2001 07 23 00 08 01 -27.050  33.550 2.475                33.550  2.475 
WD 1249+160    14.903 1.278 2002 02 21 09 10 29  17.921  15.208 1.437   7.684 2.892  13.717  4.241 
WD 1249+160    14.903 1.278 2002 02 23 05 20 44  17.531  14.162 1.326  19.242 2.119  15.592  3.231 
WD 1249+182     1.949 0.626 2002 02 23 08 14 55  16.934   0.802 1.502   4.943 1.868   2.427  2.859 
WD 1249+182     1.949 0.626 2002 02 24 07 29 00  16.598  -1.151 1.395   2.842 0.970   1.539  2.647 
HE 1252-0202   22.906 1.540 2000 07 13 01 40 58 -29.975  26.111 2.132  15.450 2.178  20.895  7.537 
HE 1252-0202   22.906 1.540 2000 07 16 00 05 45 -29.636  20.815 2.153  26.601 2.318  23.496  4.080 
WD 1254+223    25.849 1.265 2002 02 23 08 30 35  16.986  25.063 1.965                25.063  1.965 
WD 1254+223    25.849 1.265 2002 02 24 08 59 18  16.513  26.868 2.236                26.868  2.236 
WD 1257+047    42.176 0.793 2000 05 20 02 47 42 -20.786  42.707 1.436  44.985 2.846  43.169  1.295 
WD 1257+047    42.176 0.793 2000 05 22 01 47 26 -21.330  42.390 1.592  41.353 1.555  41.859  0.732 
WD 1257+032    23.481 0.412 2001 01 30 08 51 40  26.596  22.881 1.004  24.165 2.695  23.037  0.594 
WD 1257+032    23.481 0.412 2001 02 02 09 11 45  25.757  23.596 0.693  24.666 2.491  23.673  0.391 
HE 1258+0123   50.179 0.269 2000 06 08 00 27 33 -21.726  50.126 0.967                50.126  0.967 
HE 1258+0123   50.179 0.269 2000 07 02 02 24 59 -25.047  50.860 3.459                50.860  3.459 
HS 1305+0029   41.458 0.836 2001 06 20 01 30 28 -23.851  41.086 2.070  43.823 4.121  41.637  1.552 
HS 1305+0029   41.458 0.836 2003 01 17 08 36 00  33.791  41.486 1.542  32.912 2.822  39.514  5.102 
HE 1307-0059   56.688 0.293 2000 07 14 00 10 25 -25.237  56.502 1.890  63.305 4.373  57.573  3.503 
HE 1307-0059   56.688 0.293 2000 07 17 00 23 20 -25.100  56.443 1.067  58.364 3.167  56.639  0.822 
HS 1308+1646   52.979 2.945 2003 01 19 07 08 35  33.584  52.979 2.945                52.979  2.945 
WD 1308-301    64.654 0.094 2000 05 23 03 18 37 -16.714  64.552 0.776  65.773 2.196  64.687  0.542 
WD 1308-301    64.654 0.094 2000 06 08 01 10 23 -22.155  64.338 0.455  67.705 1.899  64.521  1.079 
WD 1310-305    35.111 1.151 2002 04 14 04 55 36   1.286  35.325 1.039  33.107 2.072  34.879  1.257 
WD 1310-305    35.111 1.151 2003 01 19 05 50 30  26.988  35.819 1.442  36.564 1.332  36.221  0.525 
WD 1310-305    35.111 1.151 2003 01 20 06 17 35  26.962  34.424 1.236  33.587 2.515  34.261  0.468 
EC 13123-2523  29.863 3.692 2000 04 22 03 01 14  -2.555  31.870 0.541                31.870  0.541 
EC 13123-2523  29.863 3.692 2000 04 25 05 27 29  -4.306  26.466 0.704                26.466  0.704 
WD 1314-067    33.159 1.191 2001 02 07 04 57 16  30.179  32.652 0.959                32.652  0.959 
WD 1314-067    33.159 1.191 2001 02 08 08 58 23  29.505  34.558 1.594                34.558  1.594 
HE 1315-1105   33.918 0.044 2000 04 23 01 30 17  -2.809  33.521 0.932  37.482 2.613  33.968  1.772 
HE 1315-1105   33.918 0.044 2000 05 19 03 07 22 -15.068  34.465 1.089  32.786 1.528  33.899  1.122 
HE 1325-0854    4.427 0.043 2000 05 20 00 31 55 -14.110   4.466 0.803   4.197 1.929   4.426  0.135 
HE 1325-0854    4.427 0.043 2000 05 22 00 57 48 -14.977   6.381 0.895  -1.431 2.231   5.298  3.819 
HE 1326-0041   31.963 1.526 2000 07 13 01 55 37 -25.043  31.492 1.580  25.368 4.782  30.889  2.580 
HE 1326-0041   31.963 1.526 2000 07 16 00 20 40 -24.866  35.362 1.968  31.595 1.560  33.048  2.593 
WD 1326-236     7.625 1.945 2000 07 14 00 25 29 -28.582   9.871 1.667   7.295 3.432   9.379  1.431 
WD 1326-236     7.625 1.945 2000 07 17 00 37 27 -28.773   7.067 1.091   5.337 1.662   6.546  1.122 
WD 1328-152     0.742 6.604 2000 07 30 00 33 14 -27.627  -3.632 0.955                -3.632  0.955 
WD 1328-152     0.742 6.604 2001 06 27 00 24 50 -25.830   5.727 1.020                 5.727  1.020 
WD 1330+036    26.488 0.410 2000 05 20 02 55 39 -13.259  26.213 1.112  27.989 2.941  26.435  0.830 
WD 1330+036    26.488 0.410 2000 05 23 01 16 19 -14.185  30.062 1.243  22.714 2.057  28.097  4.600 
WD 1332-229    16.635 1.091 2000 05 20 03 09 49 -13.825  16.679 1.920  15.013 4.641  16.435  0.832 
WD 1332-229    16.635 1.091 2000 05 22 03 04 27 -14.674  20.657 1.772  14.645 3.873  19.616  3.216 
WD 1334-160    53.540 0.314 2000 06 08 01 26 02 -20.812  53.741 1.242  53.044 2.898  53.633  0.356 
WD 1334-160    53.540 0.314 2000 06 11 01 00 34 -21.718  53.231 0.723  51.379 1.933  53.004  0.859 
HE 1335-0332   61.869 1.488 2000 07 15 01 09 24 -25.762  62.543 3.481  61.678 2.241  61.931  0.556 
HE 1335-0332   61.869 1.488 2000 07 18 01 02 11 -25.766  49.620 2.385  36.085 2.863  44.073  9.413 
WD 1342-237    42.577 2.642 2000 07 14 00 39 47 -28.435  51.613 1.742  44.370 5.958  51.042  2.758 
WD 1342-237    42.577 2.642 2000 07 17 00 50 52 -28.716  41.869 3.069  42.791 4.468  42.165  0.608 
WD 1344+106    -3.627 0.412 2000 07 30 01 23 51 -20.897  -2.094 1.156  -5.000 1.365  -3.308  2.026 
WD 1344+106    -3.627 0.412 2001 06 06 02 21 56 -16.564  -2.812 1.249  -5.484 1.515  -3.893  1.855 
WD 1348-273    54.329 1.034 2002 04 23 01 34 31   1.238  55.825 2.661  52.021 1.661  53.087  2.416 
WD 1348-273    54.329 1.034 2003 01 19 06 59 36  28.337  56.043 2.649  54.565 2.307  55.203  1.034 
WD 1348-273    54.329 1.034 2003 01 20 07 35 26  28.354  53.372 1.632  55.923 4.911  53.626  1.079 
WD 1356-233   -22.867 0.595 2000 06 08 01 43 26 -19.206 -22.878 0.947 -23.463 3.621 -22.915  0.202 
WD 1356-233   -22.867 0.595 2000 06 11 01 16 55 -20.239 -19.569 0.933 -15.266 2.883 -19.161  1.782 
WD 1401-147    23.565 1.734 2000 07 14 00 55 13 -23.418  23.526 1.865  27.355 4.990  23.995  1.775 
WD 1401-147    23.565 1.734 2000 07 17 01 23 40 -23.756  21.471 1.631  10.934 4.153  20.063  5.070 
WD 1411+135    55.588 1.784 2001 06 20 02 26 25 -13.262  55.824 3.203  53.485 4.596  55.059  1.551 
WD 1411+135    55.588 1.784 2001 08 19 00 17 50 -12.888  57.887 1.876  68.242 6.913  58.597  3.701 
WD 1412-109    29.379 2.149 2001 08 16 01 20 42 -22.031  33.030 1.006                33.030  1.006 
WD 1412-109    29.379 2.149 2001 08 16 01 33 55 -22.041  28.384 1.862  22.664 4.499  27.547  2.859 
WD 1412-109    29.379 2.149 2001 08 19 01 06 12 -21.533  28.140 2.516  28.848 2.019  28.571  0.489 
HE 1413+0021   40.785 1.387 2000 07 13 02 56 48 -20.081  41.020 1.600                41.020  1.600 
HE 1413+0021   40.785 1.387 2000 07 16 01 02 47 -20.157  40.592 1.297  30.975 1.570  36.691  6.677 
WD 1418-088   -23.309 0.780 2000 07 14 01 19 53 -21.916 -28.012 1.893 -30.803 1.968 -29.354  1.971 
WD 1418-088   -23.309 0.780 2000 07 17 01 37 09 -22.284 -23.354 1.680 -23.089 2.245 -23.259  0.179 
WD 1420-244    30.496 2.075 2000 05 20 03 23 45  -5.113  31.435 2.094                31.435  2.094 
WD 1420-244    30.496 2.075 2000 05 23 01 57 00  -6.352  26.790 2.136  31.991 3.498  28.203  3.271 
WD 1422+095     9.471 0.313 2000 07 14 01 35 35 -17.201  10.095 1.544   7.087 3.405   9.582  1.600 
WD 1422+095     9.471 0.313 2000 07 17 01 14 31 -17.355  10.391 1.299   5.319 2.146   9.031  3.178 
HE 1429-0343   54.493 3.133 2000 07 17 01 51 50 -20.660  54.493 3.133                54.493  3.133 
HS 1430+1339   35.084 1.602 2001 08 22 00 14 11 -12.956  35.084 1.602                35.084  1.602 
WD 1425-811    24.952 0.654 2002 04 22 04 42 12   1.565  25.160 1.217  23.922 2.709  24.952  0.654 
WD 1431+153    22.446 0.564 2001 08 15 00 39 41 -13.531  22.659 1.370  22.148 1.095  22.347  0.352 
WD 1431+153    22.446 0.564 2001 08 20 23 58 03 -12.418  24.288 0.722  19.757 3.087  24.053  1.421 
HE 1441-0047   30.596 1.551 2000 07 16 01 18 24 -19.107  31.169 1.601  28.493 3.070  30.596  1.551 
HS 1447+0454    6.427 0.886 2001 06 18 02 03 41 -11.525   9.092 0.936   6.011 1.820   8.447  1.772 
HS 1447+0454    6.427 0.886 2001 08 16 01 02 47 -17.972   6.030 0.983   6.982 1.895   6.232  0.549 
WD 1449+168    64.530 0.042 2002 04 23 05 46 17  11.975  64.510 1.738  64.657 4.221  64.531  0.073 
WD 1449+168    64.530 0.042 2002 04 29 06 25 25   9.283  63.559 2.366                63.559  2.366 
WD 1451+006    14.193 1.289 2000 05 20 03 55 09  -0.394  13.165 1.766                13.165  1.766 
WD 1451+006    14.193 1.289 2000 05 23 02 11 53  -1.544  15.580 1.823  12.887 3.483  15.001  1.565 
WD 1457-086    24.794 0.247 2000 07 13 04 07 00 -20.074  26.991 1.811                26.991  1.811 
WD 1457-086    24.794 0.247 2000 07 16 02 02 25 -20.472  24.741 1.371  25.050 3.628  24.780  0.144 
WD 1500-170     6.985 2.254 2000 06 08 02 47 33  -5.841   7.572 1.129                 7.572  1.129 
WD 1500-170     6.985 2.254 2000 06 11 01 41 45  -7.002   2.655 3.066                 2.655  3.066 
WD 1501+032    -4.813 0.038 2001 02 07 07 56 38  41.002  -4.808 0.958  -4.853 2.511  -4.814  0.021 
WD 1501+032    -4.813 0.038 2001 02 10 08 12 32  40.770  -4.218 0.972  -3.041 2.229  -4.030  0.610 
WD 1503-093    11.906 0.282 2000 06 01 05 32 43  -1.780  11.203 1.604  13.168 1.958  11.993  1.362 
WD 1503-093    11.906 0.282 2000 06 06 04 42 56  -3.934  12.755 0.999   7.718 1.688  11.449  3.122 
WD 1507+220   -39.339 1.485 2002 04 23 06 51 03  16.804 -39.944 1.381 -37.518 2.395 -39.339  1.485 
WD 1507-105    -5.367 0.766 2000 06 01 05 47 44  -1.406 -11.006 2.074               -11.006  2.074 
WD 1507-105    -5.367 0.766 2000 06 06 05 04 31  -3.605  -5.264 0.951  -5.703 2.619  -5.315  0.199 
WD 1511+009    22.612 0.890 2001 02 07 08 11 36  40.826  23.102 2.608                23.102  2.608 
WD 1511+009    22.612 0.890 2001 02 10 08 26 32  40.676  21.274 1.386  32.407 6.202  21.804  3.351 
WD 1515-164    55.130 0.000 2000 06 08 03 02 56  -4.071  54.111 0.699  58.828 2.675  54.413  1.633 
WD 1515-164    55.130 0.000 2000 06 11 01 57 40  -5.275  55.130 1.195  55.130 2.400  55.130  0.000 
HS 1517+0814   56.780 1.149 2001 06 20 03 20 58  -5.127  58.649 1.900                58.649  1.900 
HS 1517+0814   56.780 1.149 2001 07 25 23 33 34 -12.688  56.974 1.140  55.803 1.216  56.426  0.825 
HE 1518-0344   38.329 1.413 2000 07 05 03 28 01 -12.066  38.329 1.413                38.329  1.413 
HE 1518-0020   44.004 2.474 2000 07 14 02 18 10 -13.335  44.318 0.874  45.640 2.317  44.483  0.617 
HE 1518-0020   44.004 2.474 2000 07 18 03 27 33 -14.229  37.610 2.256                37.610  2.256 
HE 1522-0410   36.197 4.129 2000 07 13 04 22 02 -14.096  40.326 2.586                40.326  2.586 
HE 1522-0410   36.197 4.129 2000 07 30 02 21 25 -16.943  34.132 1.829                34.132  1.829 
WD 1527+090    40.599 2.806 2001 07 22 00 45 39 -11.718  39.045 1.230  38.013 2.311  38.817  0.605 
WD 1527+090    40.599 2.806 2001 08 20 00 35 41 -12.850  42.485 1.287  43.512 1.899  42.809  0.674 
WD 1531+184    44.503 0.488 2002 06 18 01 44 23  -0.937  44.639 1.279  43.625 3.253  44.503  0.488 
WD 1531-022    55.672 0.146 2001 07 22 00 33 36 -14.560  55.734 1.718                55.734  1.718 
WD 1531-022    55.672 0.146 2001 08 16 01 59 39 -17.014  54.272 1.463  58.832 2.410  55.500  2.860 
WD 1537-152    12.346 3.474 2000 07 02 02 51 39 -11.603   8.264 1.394  11.616 2.955   8.874  1.829 
WD 1537-152    12.346 3.474 2000 07 06 03 30 40 -13.076  14.295 0.712  10.092 3.105  14.085  1.294 
WD 1539-035    56.721 0.685 2001 08 15 01 26 18 -17.248  60.136 2.187  52.853 2.751  57.315  5.017 
WD 1539-035    56.721 0.685 2001 08 20 00 46 40 -17.200  54.509 1.734  60.932 2.762  56.325  4.090 
WD 1544-377    26.220 0.168 2000 07 14 03 55 47 -17.971  26.266 0.700  25.913 1.809  26.220  0.168 
WD 1547+057    55.533 2.600 2001 06 28 01 34 54  -5.182  56.716 2.233  65.190 6.903  57.518  3.509 
WD 1547+057    55.533 2.600 2001 06 29 01 16 16  -5.477  54.785 2.205  48.298 5.308  53.830  3.250 
WD 1548+149    35.591 1.042 2001 03 11 06 23 10  36.172  38.081 2.108  35.467 1.380  36.251  1.694 
WD 1548+149    35.591 1.042 2001 05 04 03 22 26  17.934  35.484 1.426  32.273 2.661  34.768  1.890 
WD 1550+183    34.548 1.841 2002 04 23 08 43 04  21.788  34.548 1.841                34.548  1.841 
WD 1555-089    79.162 0.594 2000 07 15 03 52 17 -13.316  79.649 1.031  77.551 2.452  79.333  1.060 
WD 1555-089    79.162 0.594 2000 07 18 04 09 45 -14.189  77.498 2.800  83.529 8.195  78.128  2.609 
WD 1609+135   123.039 0.092 2000 06 06 06 00 47   8.974 123.300 0.924 120.368 3.584 123.117  1.002 
WD 1609+135   123.039 0.092 2000 06 10 05 22 31   7.469 122.984 0.845               122.984  0.845 
WD 1609+044    53.098 2.740 2001 06 29 01 31 14  -0.646  56.362 1.628  47.712 4.725  55.445  3.767 
WD 1609+044    53.098 2.740 2001 07 27 00 21 50  -8.599  52.397 1.788  46.116 4.375  51.498  3.111 
HS 1609+1426    0.058 1.265 2001 06 28 01 02 25   1.829  -0.296 2.151  -0.940 2.328  -0.593  0.453 
HS 1609+1426    0.058 1.265 2001 06 28 01 51 08   1.735   1.686 1.636   0.800 1.808   1.287  0.623 
WD 1614+136    19.404 0.423 2001 07 26 02 06 00  -5.373  19.349 0.974  18.717 1.788  19.205  0.375 
WD 1614+136    19.404 0.423 2001 07 27 00 37 36  -5.389  20.036 0.853  18.973 1.882  19.855  0.565 
WD 1614+160    -7.480 1.414 2002 06 18 02 28 26   5.938  -7.024 1.020  -9.673 2.238  -7.480  1.414 
HS 1614+1136   36.475 2.254 2002 06 18 02 13 17   5.356  36.899 0.900  30.481 3.384  36.475  2.254 
WD 1615-154    23.915 1.626 2000 06 06 06 26 00   6.188  25.190 1.567  22.469 4.039  24.834  1.297 
WD 1615-154    23.915 1.626 2000 06 08 02 11 02   5.719  21.893 1.959  24.741 3.865  22.475  1.624 
HS 1616+0247   25.105 0.733 2002 06 18 01 59 04   4.211  23.533 0.667  26.767 3.337  23.657  0.879 
HS 1616+0247   25.105 0.733 2002 09 24 23 59 46  -8.744  25.363 1.357  24.605 4.185  25.291  0.314 
WD 1619+123    33.954 2.903 2002 08 04 02 44 26  -6.987  34.804 1.386  28.997 3.347  33.954  2.903 
WD 1620-391    50.484 0.520 2002 04 22 04 53 20  23.180  50.733 0.666  49.940 0.983  50.484  0.520 
WD 1625+093    85.212 1.259 2000 06 10 05 37 46   8.992  85.615 3.030                85.615  3.030 
WD 1625+093    85.212 1.259 2000 07 05 04 09 34  -0.350  87.227 2.623  77.628 3.116  83.246  6.688 
WD 1636+057    91.281 0.364 2000 06 10 05 55 08   9.841  90.936 1.384  92.127 2.472  91.220  0.717 
WD 1636+057    91.281 0.364 2000 07 06 03 44 11  -0.369  93.619 1.404  88.640 2.435  92.376  3.047 
WD 1640+113    33.963 0.001 2001 07 18 00 55 13  -1.908  33.966 1.866  33.954 3.112  33.963  0.007 
WD 1640+113    33.963 0.001 2001 07 26 00 42 49  -3.986  34.923 1.474  31.488 2.812  34.182  1.997 
HS 1641+1124   51.571 1.773 2001 07 26 02 22 14  -4.095  52.162 0.892                52.162  0.892 
HS 1641+1124   51.571 1.773 2001 07 27 00 52 16  -4.156  49.414 1.539  45.352 4.088  48.910  1.894 
HS 1646+1059   30.252 1.142 2001 07 27 01 50 36  -4.098  32.518 1.834  27.508 3.459  31.419  2.932 
HS 1646+1059   30.252 1.142 2001 08 16 02 10 44  -7.813  29.693 2.030                29.693  2.030 
HS 1648+1300  -10.449 3.003 2001 07 26 01 11 51  -2.949  -9.711 1.391  -5.335 1.443  -7.603  3.092 
HS 1648+1300  -10.449 3.003 2001 07 27 01 36 12  -3.239 -10.049 1.362 -13.376 1.119 -12.034  2.307 
WD 1655+215    63.652 0.122 2002 09 04 00 51 13  -4.142  64.611 0.896  65.408 2.864  64.682  0.321 
WD 1655+215    63.652 0.122 2002 09 23 23 45 48  -2.702  63.651 0.859  63.592 2.344  63.644  0.027 
HS 1705+2228  -24.172 1.395 2002 09 04 00 31 36  -1.933 -23.852 1.038 -22.785 2.282 -23.669  0.569 
HS 1705+2228  -24.172 1.395 2002 09 21 00 19 51  -1.260 -25.805 1.078 -28.165 2.807 -26.109  1.117 
WD 1733-544    33.007 1.095 2000 07 05 04 37 07  -6.161  32.392 1.683  33.294 2.269  32.712  0.610 
WD 1733-544    33.007 1.095 2000 07 06 03 58 53  -6.519  35.042 1.604                35.042  1.604 
WD 1736+052    70.071 0.854 2000 05 24 09 40 22  26.252  72.186 1.695  67.941 2.895  71.102  2.617 
WD 1736+052    70.071 0.854 2000 07 05 04 22 47   8.601  69.717 1.532                69.717  1.532 
WD 1755+194    67.737 0.911 2002 06 18 03 26 51  20.074  68.079 2.089  66.523 3.935  67.737  0.911 
WD 1802+213    77.831 0.107 2002 07 10 05 04 32  13.613  77.520 2.409                77.520  2.409 
WD 1802+213    77.831 0.107 2002 07 27 04 59 58   8.102  77.849 0.590                77.849  0.590 
WD 1826-045    15.815 0.644 2002 04 23 09 12 11  41.880  15.642 1.072  17.018 2.830  15.815  0.644 
WD 1827-106   -24.767 0.864 2002 04 23 09 32 37  41.351 -24.418 1.210 -25.837 2.120 -24.767  0.864 
WD 1840+042    20.379 1.955 2002 04 23 09 20 57  42.527  18.927 1.424  21.696 1.356  20.379  1.955 
WD 1844-223    17.666 1.413 2001 05 04 08 09 16  37.137  19.616 6.124  17.154 3.140  17.666  1.413 
WD 1857+119   -10.596 2.121 2000 05 17 05 16 42  38.142  -7.849 1.743                -7.849  1.743 
WD 1857+119   -10.596 2.121 2000 05 18 09 27 24  37.404 -11.727 1.146               -11.727  1.146 
WD 1857+119   -10.596 2.121 2000 05 26 09 11 52  35.119 -12.005 1.402  -2.353 4.668 -11.206  3.762 
WD 1911+135    37.726 0.684 2000 05 17 05 29 48  38.670  39.105 2.262                39.105  2.262 
WD 1911+135    37.726 0.684 2000 05 18 09 42 15  37.965  37.556 0.793                37.556  0.793 
WD 1914+094    26.742 2.043 2001 06 05 07 36 26  33.396  26.742 2.043                26.742  2.043 
WD 1914-598    69.111 0.854 2001 05 04 08 53 44  20.015  68.916 0.684  70.208 2.994  68.980  0.396 
WD 1914-598    69.111 0.854 2001 06 05 07 52 50  10.739  71.384 0.960  75.111 2.362  71.912  1.838 
WD 1918+110    94.887 1.501 2000 05 23 09 38 03  37.497  92.521 1.430  94.597 3.650  92.797  0.997 
WD 1918+110    94.887 1.501 2000 05 24 08 57 45  37.302  95.530 1.495  94.178 5.209  95.427  0.506 
WD 1919+145    68.675 0.029 2002 06 01 09 53 37  34.948  68.666 0.468  68.722 1.079  68.675  0.029 
WD 1932-136    12.624 0.543 2000 05 23 09 52 19  36.536  12.478 1.429  15.232 3.195  12.938  1.451 
WD 1932-136    12.624 0.543 2000 05 24 09 11 44  36.294  12.673 1.710   9.115 4.134  12.153  1.777 
WD 1943+163    53.217 0.370 2002 07 27 05 28 42  17.788  53.073 0.951  53.692 1.724  53.217  0.370 
WD 1953-715    21.711 1.543 2002 04 23 07 44 20  14.161  19.973 1.116  22.699 2.134  20.558  1.582 
WD 1953-715    21.711 1.543 2002 04 24 06 41 32  14.076  22.744 1.498                22.744  1.498 
WD 1959+059     6.267 1.932 2000 06 10 08 40 14  34.424   4.631 1.238  -6.652 5.249   4.036  3.566 
WD 1959+059     6.267 1.932 2000 07 06 05 17 56  24.916   7.104 2.185                 7.104  2.185 
WD 2007-219    -9.280 0.513 2000 07 13 04 53 11  14.845  -9.645 0.830  -8.207 2.342  -9.484  0.640 
WD 2007-219    -9.280 0.513 2000 08 05 06 40 47   3.148  -8.970 1.296  -6.698 3.103  -8.632  1.142 
WD 2007-303    81.716 0.282 2002 04 23 07 25 49  37.255  81.803 0.396  81.257 0.910  81.716  0.282 
WD 2014-575    65.768 0.011 2000 07 13 05 39 04   0.089  65.119 1.180  70.415 3.196  65.755  2.434 
WD 2014-575    65.768 0.011 2000 07 18 05 15 00  -1.880  65.165 2.551  67.695 4.533  65.774  1.529 
WD 2018-233    11.088 0.246 2001 05 04 09 37 38  38.799   9.085 1.497  12.592 1.183  11.244  2.412 
WD 2018-233    11.088 0.246 2001 07 27 02 31 20   8.845  11.751 1.328   6.702 2.939  10.894  2.679 
WD 2021-128    60.469 2.967 2001 05 04 10 18 32  41.607  59.096 2.023  53.229 4.085  57.940  3.300 
WD 2021-128    60.469 2.967 2001 06 05 08 19 12  35.223  63.584 1.856  59.481 2.617  62.211  2.738 
WD 2039-202     7.905 1.234 2002 04 23 07 34 54  40.373   8.392 0.546   6.338 0.981   7.905  1.234 
WD 2039-682    53.497 0.252 2002 04 23 07 58 35  15.847  53.385 1.451                53.385  1.451 
WD 2039-682    53.497 0.252 2002 05 20 09 52 56  11.903  55.243 0.749  51.965 0.834  53.780  2.305 
WD 2046-220    -3.078 0.286 2001 05 04 09 47 31  39.797  -2.669 1.624  -4.254 3.064  -3.017  0.927 
WD 2046-220    -3.078 0.286 2001 07 27 02 40 54  12.790  -2.792 1.332  -8.680 3.024  -3.750  3.072 
WD 2051+095    33.108 1.469 2000 06 10 09 09 09  39.028  32.921 1.687  28.815 2.409  31.569  2.728 
WD 2051+095    33.108 1.469 2000 07 06 05 31 32  31.418  34.491 1.205  31.323 2.301  33.809  1.841 
HS 2056+0721   59.627 0.893 2001 08 19 02 25 04  12.850  58.889 2.967                58.889  2.967 
HS 2056+0721   59.627 0.893 2001 08 21 01 15 38  12.056  60.168 2.540                60.168  2.540 
WD 2058+181   -31.565 0.007 2002 07 10 06 53 57  29.256 -31.569 1.148 -31.551 2.092 -31.565  0.010 
WD 2058+181   -31.565 0.007 2002 09 21 02 52 08   0.706 -31.496 1.306 -28.662 2.222 -30.769  1.750 
HS 2059+0208   24.360 0.105 2002 09 04 03 24 33   1.386  22.518 2.695  17.959 4.389  21.270  2.875 
HS 2059+0208   24.360 0.105 2002 09 22 00 37 42  -5.724  24.330 2.411  24.438 3.717  24.362  0.069 
WD 2059+190    22.836 3.425 2002 09 23 01 15 31   0.617  23.899 1.261  17.317 2.874  22.836  3.425 
HS 2108+1734   58.300 5.694 2002 07 10 06 38 57  30.225  61.735 3.696  53.581 4.331  58.300  5.694 
WD 2115+010    26.941 2.418 2001 08 23 02 25 23   8.459  30.301 2.257  28.386 1.177  28.795  1.110 
WD 2115+010    26.941 2.418 2001 08 24 01 54 33   8.036  25.672 1.643  23.661 3.864  25.364  1.024 
WD 2115-560     4.683 4.057 2002 04 23 08 53 15  22.208   3.593 1.418  12.233 3.732   4.683  4.057 
WD 2122-467    24.303 0.469 2002 05 29 07 26 29  23.701  21.661 0.946  29.490 2.216  22.868  3.998 
WD 2122-467    24.303 0.469 2002 07 24 06 07 55   4.179  21.542 1.965  25.422 2.348  23.140  2.700 
WD 2122-467    24.303 0.469 2002 07 27 05 38 58   2.927  24.720 1.716  23.640 2.766  24.420  0.684 
HS 2132+0941    8.302 2.418 2001 08 20 01 29 59  14.903   7.359 1.590   9.254 2.545   7.891  1.204 
HS 2132+0941    8.302 2.418 2001 08 24 02 25 28  12.926   9.971 1.377  17.728 0.895  15.423  5.013 
HE 2133-1332   20.259 1.870 2001 08 21 01 46 39   6.493  20.664 0.772  22.374 2.017  20.883  0.806 
HE 2133-1332   20.259 1.870 2001 09 20 01 27 02  -7.665  17.926 1.345  14.340 3.467  17.456  1.710 
WD 2134+218    41.710 0.608 2002 07 10 07 13 10  33.038  41.012 0.988  42.295 1.047  41.616  0.905 
WD 2134+218    41.710 0.608 2002 09 10 02 30 10   9.803  44.941 1.188  36.938 2.740  43.674  4.132 
WD 2136+229   -32.979 1.122 2002 07 10 07 32 58  33.220 -31.773 1.059 -36.262 3.143 -32.231  1.921 
WD 2136+229   -32.979 1.122 2002 09 18 01 40 39   7.226 -34.176 0.758 -27.972 3.078 -33.821  2.038 
HE 2135-4055   71.447 0.310 2000 05 17 09 41 39  28.935  71.004 0.848  72.282 1.593  71.286  0.749 
HE 2135-4055   71.447 0.310 2000 05 19 09 49 29  28.685  72.098 0.629  70.253 1.300  71.747  1.023 
WD 2137-379    -5.289 0.102 2000 05 21 09 37 29  29.983  -4.591 2.019  -8.799 4.414  -5.319  2.251 
WD 2137-379    -5.289 0.102 2000 05 22 09 34 28  29.852  -8.622 1.704  -1.017 1.843  -5.116  5.361 
HS 2138+0910  -11.058 0.347 2001 08 20 01 44 52  15.536 -11.788 0.951  -5.062 4.187 -11.458  2.055 
HS 2138+0910  -11.058 0.347 2001 08 24 02 40 59  13.542 -10.586 1.058 -13.390 2.943 -10.907  1.262 
WD 2139+115    33.879 1.224 2000 06 06 08 51 54  40.155  33.020 1.220  35.460 2.449  33.505  1.377 
WD 2139+115    33.879 1.224 2000 06 09 10 17 27  39.601  33.593 1.342  38.108 1.321  35.887  3.191 
HE 2140-1825   14.590 0.699 2001 06 18 09 10 44  32.517  14.027 0.889  15.632 2.327  14.231  0.756 
HE 2140-1825   14.590 0.699 2001 08 20 02 00 23   5.892  15.646 0.938  13.821 1.846  15.271  1.042 
WD 2146-433    30.887 1.183 2001 08 17 01 20 25  -2.507  30.887 1.183                30.887  1.183 
HS 2148+1631   21.302 0.434 2002 09 23 02 12 52   3.862  21.892 1.660  20.729 1.436  21.227  0.814 
HS 2148+1631   21.302 0.434 2002 09 24 01 19 49   3.553  21.275 1.586  26.875 2.912  22.557  3.326 
WD 2149+021    40.752 0.636 2002 09 23 03 45 02  -1.730  40.951 0.421  39.737 0.951  40.752  0.636 
WD 2152-045    21.163 1.967 2002 09 23 03 55 02  -3.962  23.622 1.763  20.376 0.997  21.163  1.967 
WD 2151-307    58.382 1.258 2000 07 14 04 16 47  19.012  58.020 2.828                58.020  2.828 
WD 2151-307    58.382 1.258 2000 08 05 07 14 06   8.646  63.044 1.438  50.857 2.845  60.565  6.937 
WD 2154-061    57.611 1.493 2002 09 23 04 15 19  -4.195  57.611 1.493                57.611  1.493 
HE 2155-3150   37.889 3.210 2001 06 18 09 26 08  27.730  41.170 1.731  37.179 2.977  40.161  2.452 
HE 2155-3150   37.889 3.210 2001 08 17 01 52 38   3.509  36.536 1.410  32.342 2.668  35.620  2.450 
WD 2157+161     7.431 1.965 2002 09 23 02 44 14   4.528   7.202 1.918   9.084 3.134   7.715  1.185 
WD 2157+161     7.431 1.965 2002 09 24 02 15 05   4.161   5.371 2.242  -2.893 1.943   0.650  5.784 
HE 2159-1649   44.145 1.417 2000 12 07 00 28 05 -23.124  42.187 1.471  38.038 3.249  41.481  2.204 
HE 2159-1649   44.145 1.417 2000 12 13 00 35 33 -22.009  44.903 2.109                44.903  2.109 
HE 2159-1649   44.145 1.417 2001 08 20 02 45 15   5.368  45.510 1.533  43.966 1.240  44.576  1.067 
WD 2159-754   133.612 1.575 2000 12 06 00 47 21 -18.141 133.693 1.289 134.555 1.853 133.974  0.571 
WD 2159-754   133.612 1.575 2001 08 21 02 52 56 -16.676 131.174 1.328 128.627 1.670 130.187  1.755 
HE 2203-0101   32.393 1.758 2001 08 20 03 01 10  12.020  32.305 1.518  31.416 2.814  32.104  0.525 
HE 2203-0101   32.393 1.758 2002 09 23 02 59 45  -4.420  38.481 1.263  34.242 2.769  37.751  2.263 
WD 2204+071    50.595 2.278 2000 06 06 08 37 01  37.772  52.093 2.085  52.701 3.535  52.250  0.376 
WD 2204+071    50.595 2.278 2000 06 09 10 02 39  37.313  48.385 1.674  49.269 4.342  48.499  0.419 
WD 2204+071    50.595 2.278 2001 08 21 03 10 02  13.954  53.484 2.918  49.763 3.814  52.110  2.539 
WD 2205-139    54.923 3.454 2000 12 07 00 57 49 -22.965  59.168 1.731  48.904 4.477  57.834  4.881 
WD 2205-139    54.923 3.454 2002 09 23 05 18 19  -9.537  53.941 2.291  52.972 5.324  53.790  0.498 
WD 2205-139    54.923 3.454 2001 09 20 02 31 36  -7.982  65.066 2.058                65.066  2.058 
WD 2205-139    54.923 3.454 2002 09 24 02 31 52  -9.649  60.733 1.681                60.733  1.681 
WD 2207+142    40.341 2.907 2000 05 26 09 50 28  37.850  40.581 2.600  36.240 1.530  37.357  2.683 
WD 2207+142    40.341 2.907 2000 06 01 08 00 57  38.086  41.758 1.848                41.758  1.848 
HS 2210+2323   63.555 4.991 2002 09 25 00 15 44   4.702  66.537 3.766  59.377 4.458  63.555  4.991 
WD 2211-495    25.385 0.825 2000 07 14 04 35 47   7.800  25.037 0.297                25.037  0.297 
WD 2211-495    25.385 0.825 2000 07 18 06 23 44   6.148  26.365 0.499                26.365  0.499 
HE 2218-2706  -31.468 1.654 2001 08 25 03 45 16   0.835 -30.531 1.067 -31.189 2.666 -30.622  0.321 
HE 2218-2706  -31.468 1.654 2001 09 10 00 40 37  -6.467 -32.974 1.162 -33.972 3.286 -33.085  0.443 
HE 2220-0633   50.219 0.037 2001 08 23 02 52 24  10.178  49.889 1.471  58.127 5.108  50.520  3.098 
HE 2220-0633   50.219 0.037 2002 09 24 04 01 57  -5.728  50.310 1.349  49.815 2.793  50.217  0.274 
WD 2220+133    40.065 0.261 2000 12 06 01 04 05 -17.389  39.857 1.897  40.230 1.686  40.065  0.261 
HE 2221-1630   51.910 0.311 2001 08 23 03 07 00   6.424  52.187 1.467  46.530 5.381  51.795  2.030 
HE 2221-1630   51.910 0.311 2002 06 09 09 31 58  33.765  51.317 1.486  59.822 4.038  52.332  3.899 
HS 2225+2158   31.053 2.109 2002 09 25 02 14 36   5.498  30.701 2.311                30.701  2.311 
HS 2225+2158   31.053 2.109 2002 09 26 03 19 34   4.932  32.744 2.525  47.758 3.774  37.386  9.812 
WD 2226+061    46.330 0.576 2000 06 01 09 11 49  38.402  45.744 1.073                45.744  1.073 
WD 2226+061    46.330 0.576 2000 06 06 07 57 39  38.398  46.860 0.870  45.485 1.862  46.613  0.746 
WD 2226-449    55.149 0.455 2001 08 23 04 15 50  -4.935  56.265 0.517  52.654 1.219  55.713  1.837 
WD 2226-449    55.149 0.455 2001 08 25 03 56 10  -5.748  55.029 0.557  55.167 1.321  55.050  0.070 
WD 2226-449    55.149 0.455 2002 05 29 09 33 07  23.138  56.463 0.588  56.968 1.337  56.545  0.263 
HS 2229+2335    4.155 2.155 2002 09 25 02 27 56   6.371  -1.077 1.920   5.871 3.393   0.608  4.213 
HS 2229+2335    4.155 2.155 2002 09 26 03 32 50   5.809   3.270 1.389   5.875 1.155   4.810  1.810 
HE 2230-1230   20.506 2.467 2001 06 19 09 42 32  33.547  15.257 2.021  24.331 2.613  18.653  6.209 
HE 2230-1230   20.506 2.467 2001 08 23 03 40 08   9.062  20.240 1.764  31.110 3.823  22.149  5.848 
HE 2231-2647  -11.555 0.944 2001 09 10 00 52 56  -5.105 -12.788 1.960  -9.364 3.308 -11.898  2.123 
HE 2231-2647  -11.555 0.944 2001 09 11 03 31 26  -5.855 -13.454 1.023   0.358 5.610 -13.009  3.448 
HE 2231-2647  -11.555 0.944 2002 05 02 09 45 18  30.508 -11.311 0.868  -7.019 2.462 -10.836  1.903 
HS 2233+0008   52.172 1.383 2002 09 25 02 42 20  -2.207  53.594 1.221  50.045 2.401  52.865  2.027 
HS 2233+0008   52.172 1.383 2002 09 26 03 47 07  -2.822  50.147 0.807  57.174 2.544  50.790  2.864 
WD 2235+082    41.307 3.719 2000 12 06 01 19 58 -19.194  41.307 3.719                41.307  3.719 
WD 2240-017    38.725 2.938 2000 06 10 09 41 19  37.594  37.909 1.614  44.013 4.110  38.725  2.938 
WD 2241-325    16.294 0.226 2001 09 10 01 50 10  -6.310  16.636 1.155  16.352 1.548  16.535  0.193 
WD 2241-325    16.294 0.226 2001 09 11 03 14 50  -6.907  16.126 1.187  16.332 1.777  16.190  0.134 
WD 2241-325    16.294 0.226 2002 07 24 06 37 45  15.037  14.550 0.877  16.405 1.124  15.252  1.272 
HS 2244+2103   42.621 3.287 2002 09 26 04 11 52   6.370  45.416 1.633  43.800 5.161  45.269  0.657 
HS 2244+2103   42.621 3.287 2002 09 27 01 49 48   6.202  40.720 1.481  39.390 4.320  40.580  0.577 
WD 2248-504    13.189 4.965 2002 05 22 09 54 04  20.557  20.276 1.346   8.789 4.267  19.237  4.660 
WD 2248-504    13.189 4.965 2002 05 29 09 47 19  19.942  10.108 1.943  14.662 3.568  11.150  2.705 
HE 2251-6218   20.738 0.167 2001 09 01 01 02 54 -13.089  21.422 1.295  15.955 3.554  20.781  2.488 
HE 2251-6218   20.738 0.167 2001 09 02 00 12 45 -13.356  23.297 1.787  12.255 3.006  20.412  6.859 
WD 2253-081    11.641 2.357 2000 07 12 05 52 32  30.803  11.203 2.271  11.801 3.259  11.399  0.396 
WD 2253-081    11.641 2.357 2000 07 17 06 11 29  29.136  22.211 1.365  27.256 2.935  23.108  2.727 
WD 2254+126    33.205 1.112 2000 07 12 05 23 40  35.231  33.495 2.621  30.627 5.807  33.010  1.521 
WD 2254+126    33.205 1.112 2000 07 15 04 50 58  34.535  33.040 1.509  42.033 1.962  36.384  6.146 
HS 2259+1419  -21.502 1.414 2002 09 25 04 20 52   1.946 -22.280 1.243 -24.939 2.766 -22.726  1.406 
HS 2259+1419  -21.502 1.414 2002 09 26 04 25 53   1.456 -20.685 1.148               -20.685  1.148 
WD 2303+242    20.816 0.115 2002 09 25 04 35 13   6.204  21.483 1.592  17.838 3.449  20.843  1.961 
WD 2303+242    20.816 0.115 2002 09 26 04 39 42   5.741  22.477 1.862  11.519 4.060  20.571  5.873 
WD 2306+130    41.082 3.392 2002 09 25 04 48 59   2.175  40.030 0.901  46.555 2.055  41.082  3.392 
WD 2306+124    47.195 1.332 2000 08 06 03 24 32  24.697  51.556 1.837  38.496 1.673  44.421  9.194 
WD 2306+124    47.195 1.332 2000 09 15 02 06 44   6.908  46.593 1.191  52.806 2.854  47.516  3.123 
WD 2309+105    -7.665 1.665 2002 11 11 00 14 42 -17.623  -8.781 0.837                -8.781  0.837 
WD 2309+105    -7.665 1.665 2002 11 11 23 56 46 -17.879  -6.422 0.883                -6.422  0.883 
WD 2312-356    20.816 0.073 2001 09 02 01 05 19  -4.206  17.610 1.522  16.332 3.817  17.434  0.621 
WD 2312-356    20.816 0.073 2001 09 11 03 58 19  -8.448  20.879 1.476  16.620 3.086  20.086  2.345 
WD 2312-356    20.816 0.073 2001 09 13 00 31 02  -9.013  20.821 0.974  20.799 2.166  20.817  0.011 
WD 2312-356    20.816 0.073 2001 09 20 05 57 14 -12.555  21.221 1.000  14.888 2.380  20.269  3.199 
WD 2312-356    20.816 0.073 2002 09 14 01 50 31  -9.466  18.516 0.879  20.155 1.372  18.993  1.052 
WD 2314+064    31.303 0.597 2002 09 26 05 36 21  -0.087  31.625 1.442  33.880 2.879  32.077  1.276 
WD 2314+064    31.303 0.597 2002 09 27 02 18 23  -0.167  30.780 1.812  31.902 3.055  31.072  0.696 
WD 2318+126    -5.827 0.028 2002 09 26 06 05 39   2.664  -5.013 1.431 -10.851 2.986  -6.104  3.217 
WD 2318+126    -5.827 0.028 2002 09 27 02 44 59   2.584  -5.760 1.158  -6.244 2.928  -5.825  0.234 
WD 2318-226    41.441 3.465 2000 09 15 03 57 36  -4.977  41.441 3.465                41.441  3.465 
WD 2322+206    13.457 0.471 2002 09 26 06 21 14   6.118  13.845 1.161  12.706 2.167  13.591  0.671 
WD 2322+206    13.457 0.471 2002 09 27 02 59 06   6.038  11.952 1.014  14.695 1.776  12.627  1.671 
WD 2324+060    -1.145 0.865 2002 09 26 07 19 09   0.798  -0.247 1.059   2.167 2.218   0.200  1.328 
WD 2324+060    -1.145 0.865 2002 09 27 03 55 03   0.689  -1.615 0.873  -0.473 1.945  -1.424  0.603 
WD 2326+049    50.589 3.388 2000 08 06 04 17 42  24.734  51.951 0.920  52.917 2.191  52.096  0.488 
WD 2326+049    50.589 3.388 2000 09 17 04 02 08   5.361  46.780 0.776                46.780  0.776 
WD 2328+107    51.087 0.272 2002 09 27 04 08 58   2.979  50.982 1.201  54.500 2.491  51.647  1.947 
WD 2328+107    51.087 0.272 2002 09 30 02 49 09   1.652  50.787 1.185  51.981 2.401  51.021  0.669 
WD 2329-332    39.641 2.459 2000 07 18 07 33 52  16.352  38.442 2.032  42.164 2.947  39.641  2.459 
WD 2331-475    22.500 1.158 2000 07 14 06 10 43  10.187  22.500 1.158                22.500  1.158 
WD 2333-165    71.433 1.146 2000 08 06 04 27 55  17.750  71.824 0.589  74.839 1.546  72.207  1.419 
WD 2333-165    71.433 1.146 2000 09 17 04 26 32  -2.098  70.156 0.531  73.171 1.307  70.583  1.487 
WD 2333-049    48.851 0.730 2000 08 06 04 52 44  22.339  49.847 1.044  43.039 4.217  49.453  2.246 
WD 2333-049    48.851 0.730 2000 09 16 02 23 12   3.292  48.408 1.926                48.408  1.926 
HE 2334-1355   24.939 4.581 2002 09 27 04 37 46  -5.555  27.037 1.742  28.457 4.324  27.236  0.696 
HE 2334-1355   24.939 4.581 2002 09 30 02 20 08  -6.735  21.011 2.984  19.617 3.227  20.368  0.982 
WD 2336+063    44.915 0.029 2002 09 27 04 52 15   2.065  44.929 1.034  44.849 2.404  44.916  0.040 
WD 2336+063    44.915 0.029 2002 09 30 02 35 05   0.839  44.284 0.982  45.049 1.045  44.643  0.539 
MCT 2343-1740  35.488 1.456 2000 09 16 01 33 26  -0.444  35.488 1.456                35.488  1.456 
MCT 2345-3940   2.891 0.873 2000 09 15 02 36 12  -8.449   0.393 2.138                 0.393  2.138 
MCT 2345-3940   2.891 0.873 2000 09 16 01 16 28  -8.752   2.846 1.802   3.750 3.401   3.044  0.528 
WD 2347+128     4.920 5.553 2000 09 15 04 18 03  11.707   2.263 1.560   0.252 4.856   2.074  0.828 
WD 2347+128     4.920 5.553 2000 09 17 04 11 29  10.738   9.969 1.605  12.099 3.494  10.340  1.142 
WD 2347-192    38.817 3.787 2000 09 15 03 09 43  -0.227  38.817 3.787                38.817  3.787 
HE 2347-4608   44.942 0.599 2002 09 15 02 23 15 -10.362  44.922 1.221  44.575 2.291  44.845  0.204 
HE 2347-4608   44.942 0.599 2002 09 25 07 14 28 -14.413  47.215 1.318  45.831 2.017  46.801  0.896 
WD 2348-244    67.315 0.053 2000 08 06 05 06 51  15.466  67.267 1.529  67.696 4.080  67.320  0.199 
WD 2348-244    67.315 0.053 2000 09 15 03 25 08  -2.343  67.022 1.534                67.022  1.534 
WD 2349-283    37.128 1.189 2000 08 06 05 26 45  13.609  36.309 1.069  41.389 1.514  37.999  3.385 
WD 2349-283    37.128 1.189 2000 09 15 03 42 42  -3.847  34.189 1.067  38.823 1.158  36.316  3.265 
WD 2350-248    66.902 0.210 2000 08 05 08 14 40  15.531  66.861 1.111                66.861  1.111 
WD 2350-248    66.902 0.210 2000 09 16 01 52 55  -2.554  67.442 4.042                67.442  4.042 
WD 2353+026    10.401 0.684 2002 07 11 09 11 23  32.830   9.872 1.322                 9.872  1.322 
WD 2353+026    10.401 0.684 2002 09 13 04 11 32   9.933  10.844 1.210                10.844  1.210 
WD 2354-151    21.642 1.694 2000 08 05 07 32 15  20.381  23.066 3.271  21.585 1.719  21.906  0.862 
WD 2354-151    21.642 1.694 2000 09 16 02 08 09   1.879  15.402 1.350  25.731 4.649  16.205  3.912 
HE 2356-4513   50.956 0.221 2001 09 11 02 55 37  -7.892  50.934 1.221  51.169 2.597  50.977  0.127 
HE 2356-4513   50.956 0.221 2002 07 11 08 40 02  13.259  50.327 1.193                50.327  1.193 
HE 2356-4513   50.956 0.221 2002 07 11 08 52 17  13.241  53.599 1.738                53.599  1.738 
HE 2356-4513   50.956 0.221 2002 08 14 09 40 02   2.321  50.943 0.971  50.508 1.728  50.839  0.262 
